-778.107408302429
42.4305117442969
32.7768897114811
28.8082292524258
31.5117829808889
-10.140676431815
4.47811495048514
-6.73911060355403
-12.7099402748936
-10.8178914145245
-4.19798820951824
-7.73332130330288
7.38637529265489
-3.37079759184234
-0.527271010229806
17.9483739888809
55.0226531834423
2.5931313678099
21.6695379424132
68.7288772106534
28.0972953127006
-1.31910444164519
38.150984281232
10.658717346962
-15.4975372633723
58.5185368421035
89.1864351131333
-8.88436896917672
-50.2728392760529
55.4116468291672
11.7210709078979
44.5199311563831
12.2430197586702
0.96644809792061
62.7312598117906
-26.9530534437466
