-769.70782983723
43.4599712056175
27.6113892933754
19.5817023522343
26.0835657715923
-8.34832776509262
3.46966404683945
-6.79828632126245
-6.44982043800571
-5.48967624020645
-2.1303223749794
-3.92437200466116
3.74830985000397
-1.71055400183044
-0.2675703634002
17.6700188926648
54.0058486351701
-1.50092184983693
23.4161001601595
74.3690198122192
24.2166744907154
-1.19404426707897
38.3120066439267
10.1269257147491
-16.8473887389058
59.3651531240312
90.5769905973989
-7.84845748078681
-51.4924404127662
58.9857327466604
11.609125319494
44.7008503939767
11.6748345694895
-0.271410336972969
64.4087585610173
-29.7181731405009
