-900
50.5378848367907
-19.2384562279507
171.066284959702
27.8078219496234
5.47029734480546
-18.1739212010757
-12.5608152044246
-67.5804214529445
-8.40267272063071
7.04468031170967
-7.24660249666944
24.0591317896254
-10.6513214762348
-21.5766443111652
-41.220976863482
17.3644654536838
7.63139392922437
-57.6943968942141
18.7710517058749
44.468050993698
4.93350790698001
-9.0422512320032
-46.9624518738576
-36.5565182580888
-13.3581981712668
12.2760411418148
-77.2810627902477
-13.9591375263785
102.900721914373
-35.4803849632084
10.5482745335795
15.5781016766978
-36.8314623553299
6.22164818084539
-29.6371057412567
