-700
46.0988037538349
93.221666122641
-42.4916326797232
34.8660534000251
-28.3354048510099
19.9725596215756
-3.0383694869209
10.7368080500357
-11.3546186274709
0.177866215926053
-12.5742941622445
14.9424422337932
-10.3899426320814
20.5337124997037
-61.0218792876334
16.3937519939813
9.0540538738586
-90.6377403953227
21.6567468812949
27.4398468560132
79.9699120913942
-2.99897127378021
106.654348043058
-45.7537383667628
-12.7498403210314
10.9310585069154
-37.2982834815979
-13.120821233406
63.395101666818
-46.988254084722
9.3524230435487
11.7229710690815
-64.0091737468194
2.31242004501297
-18.2693312911757
