-921
48.9994860781867
-30.7290789999301
193.632927270665
26.3065755427262
7.7505137280372
-21.9489725406801
-13.8777663940583
-76.0123094998206
-7.57854744284985
8.4111444566678
-5.97230111993919
23.912975143085
-10.855084895281
-25.2491574110157
-39.3843617697397
17.2135592514744
7.26124068471609
-54.1276867450327
17.7171705109603
46.2362685928918
-2.14042853289428
-10.0445190841622
-64.2468400927043
-35.6530124506445
-13.5273555377097
12.3461964203397
-82.1802431654004
-14.8078301001052
107.447342493393
-34.2630425879316
10.5555049342801
15.975438184369
-34.0206847474131
6.12114686905967
-30.5487480494423
