-600
41.9820872127477
151.570608573205
-156.492507428776
43.0232873508984
-54.3273547216527
43.20259931561
3.20250879786128
53.6220603065993
-14.9826183610493
0.740975919901316
-14.4048838414324
12.5544297085334
-12.4081887358096
44.3059645349271
-71.6677652084874
15.9099060572486
7.44541041718782
-105.041795458434
23.8893960829585
21.7389093252915
125.516038482487
0.0708923572009735
178.344766444049
-50.0952928449273
-12.5481720906195
10.0911304926167
-22.3529402499891
-11.2995275935035
44.6791784572279
-52.3679466203534
8.7523083609559
9.69311493872561
-79.0709282115408
-0.249143470700782
-14.0262303862444
