-500
34.8294934967213
208.006818383502
-271.29627945004
50.0359222900719
-77.982435869618
64.6961516350454
9.04033303111487
96.8704434848932
-17.9204102064301
0.239321105049745
-15.4427293060074
8.06167346304771
-14.3559425502695
68.4797509837687
-81.6173614733786
14.9711748418797
4.90625888561757
-118.941945918156
25.0539151792579
16.5128101910886
170.195076554185
2.53854558401397
251.858515962358
-54.3718588177721
-12.5040462845422
9.13844952601624
-7.18741335600665
-10.7614797569313
25.7360127206122
-57.5535323505232
7.98853455098208
7.73104681379797
-93.6245582952697
-3.54153365305148
-10.2134797663134
