-850
52.8591054189475
4.01710571591343
115.195811959961
26.0855598886116
7.74651249255308
-13.5923635925302
-11.8261261271336
-47.2054495922477
-8.031871718118
0.498180478742669
-9.67465722927803
24.467587584083
-10.9264635801266
-12.8894524053817
-44.082952768631
17.2782537920912
7.01332274733881
-65.0556681175732
19.5003265236361
44.0778280432654
18.2201825890505
-7.38384798469672
0.553721599057213
-38.4467638067941
-13.1694319479669
12.0547456943601
-63.4237287818547
-13.345835685398
90.6329355166501
-37.897839902487
10.3787284234206
14.9239704797176
-41.5852775663642
6.41374502577614
-29.6966110671858
