-820
52.0198517791355
18.748804546893
83.3359409628073
27.6094744441638
6.7050179416683
-9.52939521321895
-10.4054682586291
-35.7874049133535
-8.81073034412939
-2.42086367332104
-11.3455156499887
23.188491643865
-10.8863859013808
-8.03645369384015
-46.6370598309941
17.1236444458007
7.02277224314258
-69.3571769923681
19.8680151489189
42.0334529623891
26.5418322336136
-6.70645876682052
26.7118604077752
-39.7410944310845
-13.0683785912701
11.8244066268098
-55.7061592100289
-13.1935435331533
83.9176864690536
-39.5106497469099
10.2031628462879
14.368146559589
-45.2750774683076
5.87986128402769
-28.4974347607568
