-800
51.20318950354
31.538096229479
62.3811892521253
27.7794923639753
-0.186868885780429
-4.06712787984546
-9.54442610202986
-27.6922436798802
-8.66758433866803
-1.39063833548458
-11.6937697339114
21.2703444807303
-10.4828552326158
-3.15696193419583
-49.1516820514191
17.0242413559847
7.39848221643149
-73.1410171476578
20.0939937358503
39.0670159237281
35.977767528096
-6.07012386059374
39.2598944343566
-40.7803684934329
-13.0131987644033
11.6694509064159
-53.0377335763552
-13.529647292452
80.7677649588461
-40.7850903150185
10.0531955617499
13.9006886089761
-48.5188612978478
5.25020911427736
-26.673202659926
