-921
29.5363459453819
-6.67708391530225
199.331696910068
8.25032646299333
-41.0683650356617
1.05621646820641
8.23484036045209
-75.2636711722542
-3.94284430007008
39.9865861351498
-13.7270334180638
19.0458689659192
-20.441298918102
-26.7081923906082
-48.2879081269395
22.3759368337679
9.7218167134769
-63.0784168181019
24.0402932317803
43.5464775375171
-39.2560725091856
-20.0384081729622
8.95597109924149
-93.0292613028882
-16.6900854955151
116.12439866293
22.1827552844949
-18.6179284125984
-103.012947338504
-35.8715576474471
12.2151692674719
14.7280642315668
-25.5307373379041
1.90234282874728
-15.6655084704435
