-744.116495908702
44.1716009146693
37.3413002389385
0.796660263191282
-4.32626423505209
-19.47986386046
14.7727436549416
12.7586103334152
-56.4709816756955
22.8231333147397
3.09561834134104
-77.8487892738516
29.1984874806454
8.9035162171682
-45.9117050444818
-18.5701851404099
5.71624230170115
-59.129620377141
-21.4112519484962
79.8532201929004
59.2164318678482
-13.4410734518501
69.4499742865618
-44.1436552893945
11.7553849007332
8.81293510696505
-48.3290010100167
-0.320642555923118
-19.0815635147891
