-749.207822333027
44.1094695474694
33.0094423048859
3.52625185102677
2.49539072217702
-15.8249432573935
11.5708489001396
7.70723811454464
-54.5830127076618
20.8335977394629
0.708081007044118
-77.7584771919576
27.5462286614472
11.9760691203683
-44.7872666946377
-17.0476110507147
6.6491172424859
-59.4981856043128
-21.2669142980585
80.3583152052776
56.9097380842071
-11.1513009273481
67.4014136955084
-43.4137183178022
11.1030061680047
9.39984278706788
-51.1418601510169
-0.516976998331485
-22.7103087568862
