-794.506617740657
31.1045219684006
39.2163811054131
47.709755800243
29.0268623388711
-24.5450210378848
14.7862012185267
3.18989648356218
-22.4002394821321
-15.728476682409
0.889850177573128
-20.4635656947959
8.23592685653045
-9.59462046326723
-9.88496354906417
-57.6679585277208
19.2793920684804
8.88211936192325
-55.9922453070683
20.5334116497731
30.3518449718082
-42.6657036438534
-16.3932205507235
8.86184907486968
-60.7133889293397
-17.9455840796496
80.131470292253
48.3287073401839
-13.8731314121227
37.477549378864
-41.0452357389327
10.5921576161705
11.7805969744527
-48.9309269013374
1.00642612885127
-17.7117045276844
