-758.285145730139
43.9061193887595
25.1737640379223
8.34953836384864
14.9565740992341
-9.18828365256669
5.7961424160681
-1.5216698156799
-51.1933952417388
17.2151826524806
-3.64316370312152
-77.5920596262854
24.5465732509553
17.5676379186287
-42.7521954690062
-14.2798648093295
8.33858761646542
-60.1238686442239
-21.0270923437449
81.2591644685222
52.7066418798776
-7.05284657981686
63.7879283012605
-42.0953096165173
9.91267100657232
10.45764166962
-56.3075409183442
-0.896972722710564
-29.3019461504574
