-921
23.853560316081
1.16382777953851
200.731671351991
3.76964639624716
-55.7592513186483
7.45466435993697
14.2176874621931
-74.7023389382736
-2.83656506185624
49.6459235426681
-14.7815928302111
17.4213699333673
-22.7884789242345
-25.5379784210737
-50.3335319364769
23.4266714449046
10.2259391568827
-66.8708413609653
25.5895312729827
43.0901527163848
-40.2002326061383
-21.7348363682342
8.17993598259581
-96.7237580652634
-17.2943610041309
118.890240172819
30.5390545829494
-20.6824713711073
-115.054634110776
-36.3569287393
12.5907518806593
14.5318919111268
-23.2854121764852
0.717167404602396
-11.4656799495181
