-792.877398828256
35.9041018496809
37.2352901524387
44.4442699854964
32.9944296574209
-17.6279680336841
10.4485672481929
-1.50699495603892
-20.9185263305772
-15.6286541537826
-2.81451450405823
-16.9279868562279
9.24692585333872
-7.19223380138518
-6.23015623161248
-55.1497047522649
17.7698044559331
7.61317287066137
-57.7718519963761
19.5457719177391
31.5685217632815
-41.8724548704875
-14.8198972091215
9.83795626229331
-59.6544286492109
-17.3788668575574
79.0870945626692
47.2063262090952
-11.1408692480895
43.1617753183011
-40.870698013703
10.1554143228814
12.2628550527757
-51.2228454921565
1.85593029165111
-20.9530803580872
