-739.892589183768
44.1938055463714
40.899100142919
-1.48411717090588
-9.88079695911475
-22.4767164440515
17.4087504077445
16.8815115991621
-58.0304805967341
24.4511893181875
5.04428129203007
-77.9194695500911
30.556392039428
6.39046564423689
-46.8345140075407
-19.8158444822838
4.95066327177862
-58.8152899666278
-21.5343964125315
79.4339778573042
61.1034279099298
-15.3343392050297
71.1612661008563
-44.7436369275509
12.2880004439571
8.32936559529019
-46.0464966833969
-0.168614200290953
-16.1093987999031
