-762.721948493317
43.7634560483648
21.2803946565549
10.6854661645794
21.2062121443456
-5.87509270551784
2.9336857800046
-6.16158365229577
-49.5241383441557
15.406220212488
-5.8222270675137
-77.5084349506433
23.0444297153129
20.3638274714534
-41.7403555359161
-12.8961826596137
9.17960677861426
-60.4107132724423
-20.9196813298036
81.6996186831044
50.5995542833583
-5.03445429011497
62.0438688605346
-41.4413816308934
9.3152273975953
10.9812187926889
-58.9179312922902
-1.09824500336367
-32.59502638348
