-753.773461062538
44.0228290979365
29.0853382755448
5.95933728233112
8.71681628527482
-12.5049993246731
8.67620093898963
3.09973328021176
-52.8815959885402
19.0247619867377
-1.46584521955594
-77.676023869154
26.0459830698693
14.77057780567
-43.7683272697352
-15.6635769579361
7.49487839385952
-59.8175613650205
-21.1432915123251
80.8114621777168
54.809079412059
-9.09168134584538
65.5778394196295
-42.7532419823909
10.508527672374
9.93011520384661
-53.7170904183415
-0.703386369118054
-26.0071743494252
