-921
40.0309187827358
-20.2472641983834
196.576056672449
17.355962721478
-14.2624695946432
-11.1472336398096
-3.13179810371339
-76.0141976534663
-5.97650323181233
22.5372895213123
-10.5408328529265
21.841625408977
-15.6308911817401
-27.2472647635049
-43.8963457905016
19.9886251382508
8.63876067348878
-57.370437153226
20.9547851795026
44.7169926962434
-37.413808678858
-16.7213709578348
10.6062305513212
-86.6526520859846
-15.5974915985744
111.213940483726
7.98593174782494
-14.3825191519923
-81.4254947386298
-35.0046907714522
11.4252274897561
15.2700945825256
-29.8114345582938
4.16206410524136
-23.4742656083614
