-781.258537910336
63.8624351597751
26.3610630172361
23.4817100489162
57.2664884891035
22.8332688785073
-15.207659761584
-29.3445096703431
-11.5165468470869
-15.0363838380055
-23.9083121473318
4.5020451068282
14.9858883315021
7.20125092306683
16.1609183055463
-40.2805450265096
8.61292895593508
-0.396436986476186
-69.6422881604768
13.658016509991
38.9384483767973
-37.2156495851109
-5.40322825539272
15.6510671117339
-53.1094037102717
-14.0651804242981
72.9347530955131
41.3600710271502
5.18164078740601
77.2636690281418
-39.9441656019607
7.48496769968064
15.123018236998
-65.3665568404234
6.64369776362151
-40.269960028563
