-798.851970044272
16.5403431218168
45.3965408078803
57.1097913787346
17.2658009317148
-45.5345776921676
27.8788266414294
17.3773009096051
-26.7049512677386
-16.0488214747857
12.2868402455138
-30.9717341501348
5.12109270340929
-16.7862006478429
-20.716344292353
-65.2789781622538
23.7922846637763
12.5779239116775
-50.9899712925285
23.5268809553145
26.6916763998158
-45.0735450790455
-21.1150051994642
5.92044875422689
-63.8336547211072
-19.6561309113443
83.2967638302966
51.9151204430191
-22.0786787090503
20.4620330515062
-41.6042261345892
11.8917580165294
10.3199556862379
-42.1805535951406
-1.62259870246518
-7.97118747699741
