-762.501230426533
43.7714092861216
21.4747772046713
10.5696086395432
20.8933779152935
-6.04064589493277
3.07648415589702
-5.92926681396003
-49.6072911789999
15.4967177476641
-5.71318557187674
-77.5127071975814
23.119608445936
20.2238967630787
-41.7908862688171
-12.9653468817008
9.1376040848261
-60.3966282666765
-20.9248444090858
81.6777207697003
50.7048869402834
-5.13486826518916
62.1303536265722
-41.4740304004006
9.34513914400944
10.9550932380794
-58.7871342096188
-1.08801861266932
-32.4304352872947
