-797.497657675271
21.4195393039251
43.2999441735848
54.0496497510286
21.1612471463088
-38.5025463122207
23.5022023529615
12.6318625683275
-25.2930412797549
-15.9363808053341
8.4475062897772
-27.4880620136093
6.17302231021876
-14.3932933324294
-17.1285521123548
-62.731903356274
22.2898253394025
11.3647816682321
-52.6084088442005
22.5233962266761
27.9135276186044
-44.2663629009281
-19.5409984701095
6.90339401658888
-62.8030575295426
-19.0847673766697
82.2386266656383
50.6843628132767
-19.3423640612049
26.1184137421409
-41.4121640035584
11.4601719708021
10.8096936215597
-44.4080626396297
-0.73281423434829
-11.2195528415935
