-784.217672204431
42.5221065630316
2.05174573314938
21.7744744324612
52.7144201522445
10.6008245116463
-11.1558845970706
-29.5113394723984
-41.3637986758979
6.31597696145624
-16.7584231429644
-77.049716205521
15.5055954664479
34.4381944752858
-36.7189658806994
-5.99246158690587
13.3594113316691
-61.684605926576
-20.497908957336
83.8112238252792
40.1217101903169
4.7570985045902
53.7723684913149
-38.2036973194274
6.30352064432552
13.5716203433213
-72.1246374301358
-2.19477500755498
-48.988369498232
