-796.049789090001
26.2750176078285
41.2374646342888
50.9146397469029
25.0829267325557
-31.5034368750901
19.1372034991593
7.90309708925706
-23.8595816913364
-15.8309521074582
4.64402625301336
-23.9840752255641
7.21115828197672
-11.995321665097
-13.518276881962
-60.19524425412
20.7858436936514
10.1328268332843
-54.270396536681
21.5257072698752
29.1340926144575
-43.4635646903882
-17.9670054704301
7.88371267995422
-61.7634055635534
-18.5143348692828
81.1823020432655
49.4875718878366
-16.6071958099579
31.7941788792466
-41.2255681379733
11.0270418817965
11.2963478544176
-46.6586788774591
0.143448796809855
-14.4667134406426
