-921
34.9274553852196
-13.8950581913561
197.936225996381
12.8008370813438
-27.0348074558082
-5.23022854375337
2.45785644466847
-75.7191035842184
-5.00735566790723
30.8234801766451
-12.3234032023347
20.5311226578029
-18.0520217649158
-27.3133392419736
-46.1145943769926
21.2263022723673
9.19596879879726
-59.8658077072595
22.4908972819498
44.1141025651004
-38.3228812233294
-18.3673459038651
9.76541369511447
-89.6000978697991
-16.1192698824923
113.516661519136
14.5504827331677
-16.5257741488635
-91.6254350867761
-35.4161327732626
11.8272862359599
14.9772824899024
-27.6754102872537
3.05991586712668
-19.6823235748116
