-780.426444973933
42.8090300162383
5.47379000670369
19.8506436180216
47.0096109196062
7.65122553851129
-8.6494910081559
-25.299738483822
-42.8114607272465
7.96016029227003
-14.7869544608306
-77.1368683458156
16.864688740982
31.8875443263001
-37.6185624274017
-7.23287065114498
12.6092139247717
-61.4734905465797
-20.5625690526867
83.4447085248146
41.991527375705
3.02582016578004
55.2078422573027
-38.7826242217931
6.84850512873179
13.1074832430234
-69.7330334330302
-1.98910670262162
-46.0510439615317
