-783.227959470208
59.7752692088292
27.8592493097047
26.8215638249612
53.5636314934795
16.9008946152864
-11.4142922791796
-25.2180060107227
-13.0087286219056
-15.1276024147598
-20.8815071929362
1.27689223895216
14.1726628780811
5.03524848164609
12.7462294934551
-42.4831523049084
10.0000819055511
0.859078905984801
-67.7232420988161
14.5304630330983
37.8204095103684
-37.9026528077195
-6.81253732262619
14.7841851070197
-54.1121336933194
-14.5499439365737
73.8495608370074
42.1146736304206
2.74311443100825
72.1361425479824
-40.0695471629477
7.89146073438289
14.6974201760507
-63.1986191877473
5.9631373369215
-37.3914672510472
