-744.582656461547
44.1673873460351
36.9467563839223
1.04735826977732
-3.70734319321295
-19.147396281121
14.4808138100723
12.3000672761399
-56.2985609808172
22.6422397578485
2.8787680567414
-77.8406076103165
29.0480357507453
9.18284548762546
-45.8093161527585
-18.4317773041571
5.80117079096499
-59.1639310901504
-21.3978202352102
79.8994579866747
59.0068959044144
-13.2318444992621
69.2617290528141
-44.0771307436567
11.6961403103289
8.86647344553973
-48.5836942777094
-0.338057645973661
-19.4115768736938
