-921
44.8093698918164
-25.627834262017
195.125859903446
21.7625251534822
-3.08637214961639
-16.5300748657375
-8.5984488118269
-76.0436113646488
-6.79371729961115
15.3219054513345
-8.416995959276
22.9499827656491
-13.2063110893324
-26.4607399128237
-41.6844800460806
18.6619877497295
8.00842443354173
-55.5783822875067
19.3857292179309
45.3898680537473
-36.5311858822301
-15.1062726319274
11.4731739621857
-84.3214035686633
-15.1671317948167
109.275138256665
2.6964038348011
-12.1877609287565
-72.6354341267993
-34.6316693893668
11.0041828198938
15.6029565067353
-31.9732359770644
5.19208501141134
-27.0662212452805
