-771.909132669175
43.1742300947391
28.8117249387213
21.9688549205233
27.5378882240207
-8.6481814516896
3.62445737167011
-6.74685259685343
-8.03894662676769
-6.87661286682248
-2.69570914977781
-4.87427801879793
4.69579055612129
-2.12601881386091
-0.324268322832265
17.7351317247088
54.2109646056657
-0.489337314245207
22.9912800831852
72.9563869362966
25.2693114077126
-1.22598662613794
38.2625472532001
10.2621190418745
-16.4966694340109
59.1211217995018
90.2161225267666
-8.12304045834458
-51.0790694195312
58.1262718791404
11.638352279629
44.6446242750287
11.8303979622531
0.031236474612182
63.8902911343462
-29.01253466357
