-778.87100634472
42.3369245205405
33.2464806585816
29.6470044251705
32.0052572726431
-10.3036172196988
4.56979230536203
-6.73373099285327
-13.279042078247
-11.3022746121897
-4.38595783083995
-8.07958942136122
7.71710851471406
-3.52172882729797
-0.550880159941588
17.9736789976279
55.115089960558
2.96531802395961
21.5107595589817
68.2161369741474
28.4500790237902
-1.33047354842393
38.1363458846234
10.7070620407996
-15.3748234928693
58.4415717255647
89.0600209782001
-8.97854274084854
-50.1619664454425
55.0867299275769
11.7312477795709
44.5034839529655
12.2946729576867
1.07898068291094
62.5787599254973
-26.7016789258599
