-776.375858936663
42.6455316454873
31.549516388422
26.855480771322
30.4326579002873
-9.60186723419191
4.16804382259394
-6.69972229791993
-11.3491011201426
-9.70815934139645
-3.80570703498044
-6.88133367359708
6.62935137334771
-3.0014383254507
-0.457790573410257
17.876792358445
54.7459315448417
1.69071520513647
22.0677794637192
69.9538048932048
27.3094245408678
-1.29189308890016
38.1751399951289
10.5451051231024
-15.7703424016964
58.6864837334854
89.4728713055464
-8.66135222639786
-50.4511179476616
56.2149746930507
11.6985966968628
44.5487410157577
12.1324532770279
0.688686584734768
63.0023236067059
-27.5422583369709
