-778.290170194158
42.4189465958079
32.7228555811508
28.9497489930928
31.6732734758302
-10.0105897124072
4.40100944441844
-6.67952359837701
-12.7677387601604
-10.921679259071
-4.281420414353
-7.74150038279671
7.45802029501617
-3.37661811613203
-0.515014395086539
17.9375040586177
54.9752030902028
2.62502342772862
21.671993483948
68.666984017594
28.1837587407914
-1.32013871579826
38.1376797416698
10.6663848722001
-15.4590593878473
58.5002102766213
89.1543350678807
-8.89205726984926
-50.1819958882889
55.3958473275837
11.7244157328202
44.5076481903558
12.2619055547885
0.970450917644447
62.6217660948601
-26.9121399112856
