-786.506986767628
41.4010522829763
37.9423901295868
38.0347561526173
36.9400001901855
-11.9330250985373
5.48656585413084
-6.67993488584561
-18.9700601117815
-16.1461065888425
-6.26565404405707
-11.5422706019446
11.0244407353058
-5.03104118185424
-0.786971657059412
18.2267290850971
56.0394577317146
6.68718458545673
19.9229757246669
63.0887346090875
31.9779161346858
-1.4441646162114
37.9899619185373
11.190508979175
-14.1476857878388
57.6719205601759
87.7958796288677
-9.92028045756664
-49.0532381393395
51.837560911674
11.8330164963017
44.3390119187895
12.811204947851
2.20430653281419
61.053761062564
-24.1879337469923
