-768.689699114175
43.584754170626
26.9852680305748
18.4633354552414
25.4256000492533
-8.13107338124748
3.34742757367027
-6.80545913553014
-5.69101803353445
-4.84383197665275
-1.87969621321712
-3.46268118058338
3.30733222059174
-1.50931235455627
-0.236091497117824
17.6362788810022
53.8825995990159
-1.99717072470321
23.6278046714015
75.0526734608939
23.7462962092626
-1.17888545804065
38.3315245060715
10.0624661229657
-17.0110070995765
59.4677732794163
90.7455427773099
-7.72289245189106
-51.6402708535799
59.4189552821142
11.5955561572633
44.7227799985335
11.6059636374675
-0.421453783626736
64.6120917427417
-30.0533391643499
