-768.080510154185
43.6274001940978
26.4650465532636
17.7803184769816
25.0566570729349
-7.83073649525904
3.15852612802111
-6.78724999593928
-5.20167134673203
-4.44957303147337
-1.7442823910327
-3.15394460039866
3.03845271278437
-1.37565923249824
-0.209820679479701
17.6137083243635
53.7524215149435
-2.35795375942951
23.7828520427275
75.5300286875181
23.5206430078653
-1.16949537234175
38.3374677601183
10.0195595436791
-17.1192354617091
59.4936687132301
90.8531950020981
-7.66163037144178
-51.6173135382766
59.7645266100745
11.5867142077143
44.7268099258325
11.5714934067319
-0.532292191207177
64.6514061580378
-30.2727715149407
