-780.143669748538
42.1809458142798
34.0291322370825
31.0449630464116
32.8277144255669
-10.5751851995052
4.7225878968235
-6.72476497501866
-14.2275450838361
-12.1095799416319
-4.6992405330428
-8.65670295145845
8.26833055147935
-3.77328088639068
-0.590228742794559
18.0158540122061
55.2691512557508
3.58562911754246
21.2461289199293
67.3615699133041
29.0380518756061
-1.34942205972184
38.1119485569424
10.7876365305288
-15.1703005420309
58.3132965313332
88.8493307533113
-9.13549902696822
-49.9771783944254
54.5452017582598
11.7482092323594
44.4760719472695
12.3807616227141
1.26653499122814
62.3245934483417
-26.2827213960486
