-772.547236421673
43.098701744846
29.2028380029642
22.6669443277803
27.9514267492016
-8.78442227776135
3.70211257894494
-6.74011969700579
-8.51182584010696
-7.28111950604734
-2.85428027623533
-5.16100025519781
4.97201353001078
-2.25107874408802
-0.343342930057693
17.7553689580997
54.2873884541194
-0.177901240047825
22.8593514232615
72.5274466444263
25.5607561410205
-1.23540183510397
38.2500605020471
10.302545624907
-16.3929084293945
59.0590306472138
90.109943780878
-8.19994213949505
-50.989362066407
57.8532294239848
11.6469586249481
44.6309266665614
11.8735487215067
0.125157918915408
63.7634386303976
-28.8024951883416
