-783.395000214145
41.814719796663
35.8517600950944
34.5344642511484
34.9815816772778
-11.1005163209813
5.02225110261711
-6.62566039959587
-16.5507724668747
-14.1577323728698
-5.54998942601314
-10.0352782739957
9.66780408613207
-4.37709755794893
-0.667611252889958
18.0994019257447
55.5865938778324
5.11651202130769
20.6165642045583
65.235461682632
30.5153166072545
-1.39546038752652
38.0377857324455
10.9897975364606
-14.6289713509164
58.0034810583169
88.304905100772
-9.507270719053
-49.4643370632951
53.2115076863383
11.7932664953732
44.3980673226175
12.6071116288168
1.72182247207026
61.6069460632712
-25.2318241094581
