-782.688996556174
41.8689884017584
35.5944353940842
33.8408802888939
34.4726287314143
-11.1183211591181
5.02817907974643
-6.70683293934944
-16.1245510950143
-13.7241906005161
-5.32580593744851
-9.81093001165291
9.37077462500993
-4.2763850045761
-0.6689259085005
18.1002040413625
55.5772738461363
4.82625130470817
20.7168676418243
65.6524357916174
30.213997579238
-1.38731908231767
38.0631539015803
10.9487855099873
-14.761254640354
58.0567461428703
88.4279503035339
-9.44941159920759
-49.607602292391
53.4621454196255
11.7821321379363
44.4212479358775
12.5529389527688
1.64164360786256
61.8162604940307
-25.4448063364261
