-771.235025921811
43.2727967581046
28.5505711875765
21.2592526977237
27.0705143551007
-8.67420934086031
3.65301875659321
-6.78752709986092
-7.5880240447126
-6.458442635537
-2.50626161762283
-4.61690824077784
4.40977629412232
-2.0124164727417
-0.314788662823765
17.7206289101586
54.1907221894014
-0.756548537537506
23.0985433932965
73.3435393392073
24.9222419128945
-1.21678248063647
38.2827298507095
10.2236151024242
-16.6019611978997
59.2112228909534
90.3241623275325
-8.03680502413043
-51.2706947515456
58.3358989434799
11.6294790628402
44.6679559871415
11.7781409675223
-0.0463451669923179
64.1037587884306
-29.2154241047274
