-762.975680134198
44.2316269932428
23.33614203932
12.195603218926
21.7483488714873
-6.74080988668496
2.53728446982245
-6.84111319472042
-1.41863764001783
-1.21351991767456
-0.475713379372555
-0.860166709199634
0.828668921668463
-0.375179790681337
-0.0572238216762821
17.4518104572364
53.1410307273139
-4.84944235300857
24.8382813221172
78.9615510224802
21.1890851414022
-1.09417370061349
38.4373617693426
9.69614687941857
-17.9493234986399
59.9903979315345
91.7026249692068
-7.04641692223804
-52.3349723632704
61.9488662513199
11.5178634451613
44.8363907935708
11.2262873327037
-1.28366374563299
65.6662261896267
-31.9530873167682
