-775.737755184165
42.7210599953804
31.158403324179
26.157391364065
30.0191193751064
-9.46562640812015
4.09038861531911
-6.70645519776758
-10.8762219068033
-9.3036527021716
-3.64713590852292
-6.5946114371972
6.35312839945822
-2.87637839522358
-0.43871596618483
17.8565551250541
54.669507696388
1.37927913093909
22.1997081236429
70.382745185075
27.0179798075599
-1.28247787993413
38.1876267462819
10.5046785400698
-15.8741034063127
58.7485748857735
89.579050051435
-8.58445054524739
-50.5408253007858
56.4880171482064
11.6899903515437
44.562438624225
12.0893025177743
0.594765140431541
63.1291761106545
-27.7522978121994
