-770.598694219902
43.350786111235
28.159245398326
20.5602733871031
26.6592857786389
-8.53842535095711
3.57662096086248
-6.79201010877823
-7.11377254191806
-6.05478997081594
-2.3496202665214
-4.32835147572922
4.13416527573967
-1.88664044319534
-0.295114371397279
17.6995414028695
54.113691541805
-1.06670408432893
23.2308587128228
73.7708228696289
24.6282554869865
-1.20730822498751
38.29492851455
10.1833278575596
-16.7042226733189
59.2753604880692
90.4295074399768
-7.95832688107059
-51.3630887770542
58.6066630281384
11.620998336446
44.6816619899895
11.7350966350086
-0.140122321150922
64.2308420270084
-29.4249028696331
