-773.780352729447
42.9608393455833
30.1158743445782
24.0551699402059
28.7154286609482
-9.21734530047314
3.95860993951615
-6.76959506419171
-9.48503005589075
-8.07305329442125
-3.13282702202853
-5.7711353009723
5.5122203676529
-2.51552059092712
-0.393485828529706
17.804978939315
54.4988447797869
0.4840736496282
22.5692821151916
71.6344052175207
26.0981876165264
-1.25467950323229
38.2339351953474
10.3847640818826
-16.1929152962229
58.9546725024905
89.902781877755
-8.3507175963698
-50.9011186495112
57.2528426048455
11.6634019684171
44.6131319757495
11.9503182975771
0.3287634496421
63.5954258341195
-28.3775090451049
