-777.598342940902
42.4929032268012
32.4638290800808
28.2490458039293
31.1828001197194
-10.0320492398924
4.41699671390056
-6.74269701068788
-12.330539072658
-10.4949692827476
-4.0726751286371
-7.50247589126399
7.16588647794877
-3.27017676820526
-0.511531577088618
17.9315039830497
54.9610286653652
2.34500693037676
21.7753901980342
69.0707040349907
27.8621061719742
-1.31152503712602
38.1607432123044
10.6264875510703
-15.5793464437077
58.5698469197961
89.2707112030888
-8.82158645472885
-50.3467544964597
55.6282580968941
11.7142863267825
44.5308959586615
12.2085842926593
0.891426374593727
62.8329264026528
-27.1206364556711
