-776.962011238993
42.5708925799315
32.0725032908303
27.5500664933088
30.7715715432575
-9.89626524998918
4.34059891816982
-6.74718001960518
-11.8562875698634
-10.0913166180266
-3.91603377753567
-7.21391912621537
6.89027545956613
-3.1444007386589
-0.491857285662132
17.9104164757606
54.8839980177689
2.03485138358533
21.9077055175604
69.4979875654124
27.5681197460663
-1.30205078147707
38.1729418761449
10.5862003062057
-15.6816079191269
58.6339845169119
89.3760563155332
-8.74310831166901
-50.4391485219683
55.8990221815527
11.7058056003883
44.5446019615095
12.1655399601456
0.797649220435123
62.9600096412306
-27.3301152205768
