-764.871708902721
44.0526902894081
24.6373132950722
14.269459591518
22.9582285904821
-7.31636944182824
2.88904079928587
-6.83235718903397
-2.84550901676723
-2.42191598832638
-0.939848106608561
-1.73134059029169
1.65366611029587
-0.754656177278136
-0.118045748558912
17.5097538372676
53.4204157134376
-3.85810400545177
24.4216965885589
77.6163746434238
21.9823776538148
-1.12203992414691
38.4047164891146
9.82074265377799
-17.6245759520918
59.8525988621107
91.3776134519761
-7.25202359353201
-52.1946350066315
61.0435397900656
11.5446717988979
44.8050160156215
11.3476976423854
-0.984116708578363
65.3745911742083
-31.3102117537837
