-782.052664854265
41.9469777548887
35.2031096048338
33.1419009782733
34.0614001549524
-10.9825371692148
4.9517812840157
-6.71131594826674
-15.6502995922197
-13.3205379357951
-5.16916458634708
-9.52237324660429
9.09516360662728
-4.15060897502975
-0.649251617074015
18.0791165340734
55.5002431985399
4.51609575791674
20.8491829613505
66.0797193220391
29.92001115333
-1.37784482666871
38.0753525654209
10.9084982651227
-14.8635161157732
58.120883739986
88.5332954159782
-9.37093345614775
-49.6999963178996
53.732909504284
11.7736514115421
44.4349539387255
12.5098946202551
1.54786645370396
61.9433437326084
-25.6542851013317
