-766.144372306539
43.8967115831474
25.419964873573
15.6674182127591
23.7806857434058
-7.58793742163465
3.04183639074734
-6.82339117119936
-3.7940120223563
-3.2292213177685
-1.25313080881141
-2.30845412038892
2.20488814706116
-1.00620823637085
-0.157394331411882
17.5519288518458
53.5744770086304
-3.23779291186892
24.1570659495064
76.7618075825805
22.5703505056308
-1.14098843544482
38.3803191614335
9.90131714350722
-17.4200530012534
59.7243236678793
91.1669232270874
-7.4089798796517
-52.0098469556143
60.5020116207485
11.5616332516863
44.7776040099255
11.4337863074128
-0.796562400261154
65.1204246970528
-30.8912542239725
