-762.3375763817
44.3071553431359
22.945028975077
11.4975138116691
21.3348103463064
-6.60456906061321
2.45962926254761
-6.84784609456806
-0.945758426678552
-0.809013278449705
-0.317142252915037
-0.573444472799757
0.552445947778976
-0.250119860454225
-0.0381492144508548
17.4315732238455
53.0646068788602
-5.16087842720595
24.9702099820409
79.3904913143504
20.8976404080943
-1.08475849164746
38.4498485204956
9.65572029638601
-18.0530845032563
60.0524890838226
91.8088037150953
-6.96951524108758
-52.4246797163946
62.2219087064756
11.5092570998422
44.8500884020381
11.1831365734501
-1.37758518993622
65.7930786935753
-32.1631267919966
