-785.30931147164
41.5881347469836
37.0250992878233
36.6287324729193
36.2221972528207
-11.5092387991965
5.25521672444161
-6.60546170005294
-17.9694101068925
-15.3712522905444
-6.0257028053857
-10.8954449831954
10.4964730078005
-4.75227734863027
-0.72483507456624
18.1601136259174
55.8158654231935
6.05082024389984
20.2207782247872
63.9486408070212
31.3896508071782
-1.42370601442461
38.0003254789864
11.1110772855583
-14.3176883370674
57.8172076014527
87.9863688631063
-9.7379757625044
-49.1952150039225
52.3923803208713
11.8190855313305
44.3569744972156
12.7365639065774
2.00358680497994
61.2263885514254
-24.6017056837728
