-784.597991661901
41.6350203423673
36.7684127618355
35.9378182207556
35.7063144607999
-11.5256731288277
5.25737246693864
-6.69338391259752
-17.5473056033979
-14.9351485946793
-5.79572999075279
-10.6766003067988
10.1976076801579
-4.65371309321517
-0.727948782779956
18.1634665632298
55.8083657889254
5.75671794508245
20.3199216832456
64.3705852003525
31.0959568569619
-1.41574184926453
38.0265579100588
11.0696472445811
-14.4544702140964
57.8643333515231
88.1119149662008
-9.68484602838712
-49.3304202158653
52.6498531656497
11.807574317119
44.3801299273335
12.6820719503099
1.92297507033838
61.4350107782973
-24.8163700417092
