-761.690050393176
44.4426370550599
22.68068434882
10.7745630384152
20.9020857081728
-6.6374494923122
2.50705182063219
-6.8547722336205
-0.474251502794538
-0.403652664721063
-0.156641351101427
-0.288556765048615
0.275611018382645
-0.125776029546356
-0.0196742914264853
17.4043163008221
53.0352624754557
-5.4088817394089
25.0832731861901
79.7527922955321
20.512445524275
-1.07466864590214
38.4657098083171
9.6193064294549
-18.1358833291878
60.1732868476894
91.9043390141979
-6.8596328782328
-52.6566051341744
62.3973602133585
11.5022681669267
44.8735460298615
11.1324759798169
-1.45300247937139
66.0100073670972
-32.3576055783119
