-765.50804060463
43.9747009362778
25.0286390843226
14.9684389021386
23.369457166944
-7.45215343173144
2.9654385950166
-6.82787418011667
-3.31976051956176
-2.82556865304744
-1.09648945770999
-2.01989735534031
1.92927712867852
-0.880432206824492
-0.137720039985397
17.5308413445567
53.497446361034
-3.54794845866034
24.2893812690327
77.1890911130022
22.2763640797228
-1.13151417979587
38.392517825274
9.86102989864261
-17.5223144766726
59.788461264995
91.2722683395317
-7.33050173659185
-52.1022409811229
60.7727757054071
11.5531525252921
44.7913100127735
11.3907419748991
-0.890339554419758
65.2475079356306
-31.1007329888781
