-769.326030816084
43.5067648174957
27.3765938198252
19.162314765862
25.8368286257151
-8.26685737115069
3.42382536940101
-6.80097612661284
-6.16526953632899
-5.24748464137381
-2.03633756431855
-3.75123794563199
3.58294323897438
-1.63508838410263
-0.255765788544309
17.6573663882913
53.9596302466123
-1.68701517791179
23.4954893518752
74.6253899304723
24.0402826351706
-1.1883597136896
38.319325842231
10.1027533678303
-16.9087456241573
59.4036356823006
90.6401976648656
-7.80137059495091
-51.5478768280714
59.1481911974556
11.6040368836575
44.7090739956855
11.6490079699812
-0.327676629468131
64.4850085041639
-29.8438603994443
