-779.507338046629
42.2589351674101
33.6378064478321
30.3459837357911
32.416485849105
-10.439401209602
4.64619010109276
-6.72924798393596
-13.7532935810416
-11.7059272769108
-4.54259918194137
-8.36814618640983
7.9927195330967
-3.64750485684432
-0.570554451368074
17.994766504917
55.1921206081544
3.27547357075104
21.3784442394555
67.7888534437257
28.7440654496981
-1.33994780407289
38.1241472207829
10.7473492856642
-15.2725620174501
58.3774341284489
88.9546758657557
-9.05702088390838
-50.069572419934
54.8159658429183
11.7397285059652
44.4897779501175
12.3377172902004
1.17275783706954
62.4516766869195
-26.4922001609542
