-774.461547679168
42.8721166951666
30.3761771956931
24.7612125495511
29.1920423247445
-9.19314475597663
3.93507820076944
-6.71992099746286
-9.93046348012479
-8.49463942372189
-3.32999365560789
-6.02116696439744
5.80068245167924
-2.62625853476936
-0.400566751733975
17.8160806582723
54.5166599994805
0.756406982544324
22.4635654434903
71.2406257688155
26.4350903409441
-1.26364746200207
38.212600248588
10.4238253740047
-16.0816254155455
58.8727571903496
89.7914075432122
-8.43064718294645
-50.7202400070343
57.0341020585177
11.6727776609055
44.5898338411595
12.0030009992673
0.406922251825088
63.3828811185517
-28.1723767626563
