-785.947415224138
41.5126063970905
37.4162123520662
37.3268218801762
36.6357357780016
-11.6454796252683
5.33287193171644
-6.5987288002053
-18.4422893202318
-15.7757589297692
-6.18427393184322
-11.1821672195952
10.77269598169
-4.87733727885738
-0.743909681791668
18.1803508593083
55.8922892716472
6.36225631809722
20.0888495648635
63.5197005151509
31.681095540486
-1.43312122339064
37.9878387278333
11.1515038685908
-14.213927332451
57.7551164491647
87.8801901172177
-9.81487744365487
-49.1055076507982
52.1193378657156
11.8276918766496
44.3432768887483
12.7797146658309
2.09750824928317
61.0995360474768
-24.3916662085443
