-769.99482141168
43.4008151444185
27.6383857459924
19.8745866987525
26.2972726484778
-8.23945897347432
3.39149174984561
-6.76705129639636
-6.62030898674986
-5.66309294914793
-2.21999577040526
-4.0141113095983
3.86712163445283
-1.75083902317957
-0.267044501155983
17.6744200245361
53.9816930603046
-1.42364553683736
23.3870660629563
74.2432078119074
24.3949772077889
-1.19774099923984
38.3000075066592
10.1408392927768
-16.80795244786
59.307395256366
90.5346587644323
-7.89233541489318
-51.3481914789039
58.9453992446075
11.6125332436716
44.6857171004306
11.7009456844925
-0.250527858297497
64.270848646192
-29.6426530892553
