-766.780704008448
43.8187222300171
25.8112906628235
16.3663975233797
24.1919143198677
-7.72372141153786
3.11823418647807
-6.81890816228206
-4.26826352515084
-3.63287398248956
-1.40977215991284
-2.59701088543753
2.4804991654438
-1.1319842659172
-0.177068622838368
17.5730163591349
53.6515076562267
-2.92763736507749
24.0247506299802
76.3345240521589
22.8643369315387
-1.15046269109378
38.368120497593
9.94160438837184
-17.3177915258342
59.6601860707635
91.061578114643
-7.48745802271154
-51.9174529301057
60.2312475360899
11.5701139780806
44.7638980070775
11.4768306399265
-0.70278524610255
64.993341458475
-30.6817754590668
