-781.48068895665
42.0413048463424
34.6784209023656
32.4401960293776
33.7409661017349
-10.691793842766
4.78928548079261
-6.6458590991388
-15.1321348268568
-12.9442124551953
-5.07427604664059
-9.1751115647961
8.83913516446361
-4.00191776726759
-0.610387431213676
18.0386902255721
55.3573223324713
4.18220379871554
21.0123501843295
66.5222825582427
29.6409824073309
-1.36721476062842
38.0752459859046
10.8685177873629
-14.9402543647655
58.189754515181
88.6234413384378
-9.2765656756016
-49.7334591226678
54.0306350518053
11.7674474594158
44.4391601480193
12.4776593510562
1.44005813916058
61.987503575117
-25.8619425351434
