-767.417035710357
43.7407328768867
26.2026164520739
17.0653768340003
24.6031428963296
-7.85950540144107
3.19463198220881
-6.81442515336475
-4.74251502794537
-4.03652664721062
-1.56641351101427
-2.88556765048615
2.75611018382645
-1.25776029546356
-0.196742914264853
17.594103866424
53.7285383038231
-2.61748181828607
23.892435310454
75.9072405217372
23.1583233574467
-1.15993694674273
38.3559218337525
9.98189163323646
-17.2155300504149
59.5960484736478
90.9562330021986
-7.56593616577138
-51.8250589045971
59.9604834514313
11.5785947044748
44.7501920042295
11.5198749724401
-0.609008091943945
64.8662582198972
-30.4722966941612
