-775.099651431666
42.7965883452735
30.7672902599361
25.4593019568081
29.6055808499254
-9.32938558204839
4.01273340804428
-6.71318809761522
-10.4033426934641
-8.89914606294674
-3.48856478206541
-6.30788920079732
6.07690542556873
-2.75131846499647
-0.419641358959402
17.8363178916632
54.5930838479343
1.06784305674171
22.3316367835666
70.8116854769453
26.726535074252
-1.2730626709681
38.2001134974349
10.4642519570373
-15.9778644109291
58.8106660380615
89.6852287973236
-8.50754886409692
-50.6305326539101
56.7610596033621
11.6813840062246
44.5761362326923
12.0461517585208
0.500843696128315
63.2560286146031
-27.9623372874278
