-783.961659959992
41.7130096954977
36.3770869725851
35.238838910135
35.295085884338
-11.3898891389245
5.1809746712079
-6.69786692151483
-17.0730541006034
-14.5314959299583
-5.63908863965136
-10.3880435417501
9.92199666177522
-4.52793706366882
-0.708274491353471
18.1423790559407
55.7313351413291
5.44656239829102
20.4522370027718
64.7978687307741
30.8019704310539
-1.40626759361558
38.0387565738993
11.0293599997165
-14.5567316895156
57.9284709486388
88.2172600786452
-9.60636788532727
-49.4228142413738
52.9206172503083
11.7990935907248
44.3938359301815
12.6390276177962
1.82919791617977
61.5620940168751
-25.0258488066148
