-764.235377200812
44.1306796425385
24.2459875058218
13.5704802808974
22.5470000140202
-7.18058545192503
2.81264300355513
-6.83684019795128
-2.37125751397269
-2.01826332360531
-0.783206755507134
-1.44278382524307
1.37805509191323
-0.62888014773178
-0.0983714571324265
17.4886663299785
53.3433850658412
-4.1682595522432
24.5540119080851
78.0436581738455
21.6883912279068
-1.11256566849796
38.4169151529551
9.78045540891337
-17.726837427511
59.9167364592264
91.4829585644205
-7.17354545047217
-52.2870290321401
61.3143038747242
11.5361910725036
44.8187220184695
11.3046533098717
-1.07789386273697
65.5016744127861
-31.5196905186894
