-763.599045498903
44.2086689956688
23.8546617165713
12.8715009702769
22.1357714375584
-7.04480146202182
2.7362452078244
-6.84132320686858
-1.89700601117815
-1.61461065888425
-0.626565404405707
-1.15422706019446
1.10244407353058
-0.503104118185424
-0.0786971657059412
17.4675788226894
53.2663544182448
-4.47841509903462
24.6863272276114
78.4709417042672
21.3944048019989
-1.103091412849
38.4291138167956
9.74016816404875
-17.8290989029302
59.9808740563422
91.5883036768648
-7.09506730741233
-52.3794230576487
61.5850679593828
11.5277103461094
44.8324280213175
11.261608977358
-1.17167101689557
65.6287576513639
-31.729169283595
