-780.780001450447
42.1029564611494
34.4204580263329
31.7439423570322
33.2389430020287
-10.7109691894084
4.79898569255423
-6.72028196610135
-14.7017965866307
-12.5132326063529
-4.85588188414423
-8.94525971650707
8.543941569862
-3.89905691593704
-0.609903034221044
18.0369415194952
55.3461819033472
3.89578466433389
21.113813600403
66.9342863828824
29.3320383015141
-1.3588963153708
38.0997498931019
10.8279237753934
-15.0680390666116
58.2491589342175
88.743985640867
-9.21397717002806
-49.8847843689168
54.2744376736012
11.7566899587536
44.4623659444215
12.4238059552277
1.36031214538675
62.197510209764
-26.073242631143
