-921
48.9994860781868
-30.7290789999301
193.632927270665
26.3065755427262
7.75051372803721
-21.9489725406801
-13.8777663940583
-76.0123094998207
-7.57854744284989
8.41114445666776
-5.97230111993917
23.912975143085
-10.8550848952809
-25.2491574110157
-39.3843617697397
17.2135592514744
7.26124068471613
-54.1276867450326
17.7171705109603
46.2362685928918
-35.6530124506445
-13.5273555377097
12.3461964203397
-82.1802431654005
-14.8078301001052
107.447342493393
-2.1404285328944
-10.0445190841621
-64.2468400927043
-34.2630425879316
10.5555049342801
15.975438184369
-34.0206847474132
6.12114686905967
-30.5487480494423
