-921
42.1504850213273
-18.0651018413811
195.416087552634
16.5687295595633
-17.4073092626033
-9.97856394245635
-2.53331503842612
-75.5423090432555
-5.25464149622556
23.1326372270012
-8.533786173936
22.5741499146214
-16.374981863659
-25.5828019497316
22.1775253148098
46.9336434168118
9.65453330227193
23.4495485676306
60.7018712568222
44.0796560757371
-4.88710912322193
34.2090140658916
11.2307652287064
-10.8344197968679
89.6952552928074
122.979466160937
-13.6602288595766
-9.90309878563017
-82.3424637218478
13.2669545614993
38.1148235016379
14.9054045896094
3.33892070039342
36.4613866151659
-24.0897465540963
