-746.768247478524
43.1662735209204
68.2157371915598
16.5092505102849
34.8597612718111
-6.641188724847
5.77371420676472
-6.69722907667516
-18.1914302415071
-13.8846387630658
-1.44507702821208
-22.8353013131066
22.153443691915
-15.6954251914181
-0.42497548509924
-59.1966232911045
16.4876339532738
10.933706312518
-79.9811440407379
17.4896702199618
43.9892538237553
46.4954747033979
-5.8729329234858
81.6801200698165
-43.7288865453613
-13.1918224424167
11.5184116660794
-55.5405588210772
4.00364433956274
-20.2459942106623
