-857.013011679941
-13.2868405465698
40.8479297918581
184.581486338263
130.772508100971
-3.63955254467184
-7.92489664707507
25.0894525088439
-163.23810656792
-84.6622979523315
-23.5517858560763
-0.00127209012639239
-28.7667966056467
5.52691376819362
-10.94998250754
64.4526121100451
30.3653187040542
9.89969875287924
18.86848902654
30.2213814280638
1.73300185519917
12.3508561023255
-0.452803593175426
13.2494436679062
-54.4959652501224
14.3073535391825
11.7394167965515
-91.2269848060695
26.2492035169484
27.9432286519628
-40.6638718896855
-14.5634921840401
13.0686505148382
-61.1016682598256
-19.9018927209421
76.0780510011957
-20.3004449432244
-19.5994171868663
37.6027428590064
-41.5341283318419
9.01872726009072
15.9059989076668
-59.9303395743593
-6.47305141473586
-8.58552013828826
