-921
45.8468404944947
-30.4758832486268
194.362580027161
27.3969370515195
5.67775789001649
-22.7048975688256
-12.0705743775117
-76.7388708144561
-8.30491280672803
7.98361509608083
-2.94166772717651
22.5175918185146
-12.6917373661748
-23.6518369847971
18.5585290026478
42.7595922874726
7.72630212721254
18.2129452048664
54.9072019350449
44.2269420637538
-2.00972997771027
32.4179779524178
12.6937339367022
-11.8079667957183
83.0711450208285
118.166325611028
-10.154055058262
0.578117605886315
-64.2464957020627
12.3708446263799
37.592774035626
15.9260860217168
4.82674239369314
40.7814360891998
-29.7046161940393
