-700
45.0554774631816
94.7920138395495
-36.001312978179
38.598767359893
-18.8573926657792
14.5713466010711
-1.46337170508424
5.20352749482506
-12.5143124632289
-2.41561039521187
-16.3590187280677
18.3344393210762
-13.5770848295379
17.0364377925968
-60.713170314012
16.1916974778452
10.7600600627434
-92.8042762091909
21.7379817000221
32.4348163549255
72.2298576269575
-2.74157274790306
112.831237422889
-45.7975433968447
-12.7964172993753
11.3270710263077
-47.1877288132738
9.36107806952324
12.330242588413
-61.9471762555492
2.87566220863282
-16.8998180552454
