-788.619532900237
36.5568127689453
44.5412641419263
42.2881506588324
27.792446793999
-25.5275210891481
15.9470379018378
1.87630826734036
-21.0941963617587
-16.1934224215453
1.58593210397932
-20.314192378159
9.9667836395295
-8.24928727910445
-8.57539034160522
21.996358148449
60.5576853085694
10.1562630966848
23.3726191693404
62.3180785684321
30.8739747995531
-4.27328404315007
39.6568147031649
9.60548953484893
-14.2949588678867
60.6788385416235
90.3005640850671
-14.3994665534828
-50.7236570008493
41.7530825113842
12.6854320380652
44.5683446583075
11.5774284576768
1.00789343303954
56.3183614654575
-18.7944432446735
