-921
42.4814216225614
-18.1125160074518
195.338527794684
16.5960307781786
-17.6317936334741
-9.74148631689399
-2.54689779030748
-75.4380324196717
-5.33480401088263
23.3102813857163
-8.59264198471805
22.6179880745058
-16.3588549895037
-25.6464481682479
22.2276603706842
46.9709565935362
9.6103218332524
23.6038322306817
60.6932102359796
43.9530900474086
-4.85361714881367
34.1898989514726
11.2594448263725
-10.9168786228954
89.7814434680442
123.064242503307
-13.6225669570703
-10.0204217327661
-82.5142886380626
13.2541439362326
38.1090472409797
14.8947606785187
3.36637305507523
36.4339573880926
-24.0940445126998
