-921
40.3779963204522
-16.1746604669936
195.816953000813
15.0424680752974
-19.5735095528291
-9.34300105998753
-1.0032183014135
-75.7957951323306
-4.4960269916867
24.4235947723567
-8.91571042296459
22.3058793716325
-17.031492722016
-25.3405644049198
22.3654094401323
47.2616179451374
10.0217218513156
23.4009408658409
61.539336305593
44.7735405525249
-5.39075065426685
34.4759591964521
10.9669543654612
-10.4778497721758
90.2258495197094
123.327466596047
-14.3872046126212
-11.0120455848016
-83.99384882519
13.4222359634325
38.214169217939
14.8213966467919
2.98651254547049
35.9948078752451
-23.350752021341
