-750.131886443716
45.0367157006265
32.5392809075505
3.30921927799741
9.07616907567253
-12.6980286303717
9.08492025897548
1.94645430280969
21.1943413157967
56.0225102998772
-0.375923570823874
28.9378929743323
82.9821620785089
15.7632727913784
-3.6613072809153
40.7235877435121
8.10078990588074
-17.6606796586773
60.648417162414
91.5303007517319
-10.5460358190127
-56.9926843935325
67.5465994417761
12.5274388407943
46.1302377094326
9.75176236320494
-1.61865162071037
61.1405529511445
-26.6270160944967
