-749.971282574864
45.3254573434621
32.5791157134232
3.21242427825011
9.06391747506988
-12.7023233149739
9.20266580000171
1.95454507720871
21.2304837039313
56.0563081852428
-0.365697815530122
29.0896526904454
82.9859708367427
15.6468297415023
-3.62899771403327
40.715494049161
8.13377786586724
-17.7641336682444
60.5854466243157
91.525278581682
-10.4964144533368
-57.0077360671262
67.6786422669251
12.5113620789614
46.1399538421892
9.74671590449606
-1.60292502159502
61.0840505878771
-26.5513804524185
