-700
41.1081640189653
86.5822975722552
-32.742692701156
46.613956800574
-2.48204085796487
3.78739709772694
2.81058853306535
3.26217882883275
-15.3087214384461
-8.27568534530841
-9.393570076165
19.2652703144979
-13.4769327095716
20.2601041952671
-55.6807344624952
15.114023799824
8.84866572967475
-98.3308048998542
22.5277596000412
33.551182059555
64.9215665283459
-3.66989087158309
119.396096932253
-45.436220142542
-12.8859361638986
11.4127703025865
-47.0919578601955
9.29210144622048
12.8672348349505
