-791.139168569839
40.6748664940992
35.3027881743486
41.0965714987178
36.9749075550474
-10.754392774176
6.12717557956562
-6.19331382401091
-19.4083804854275
-15.528767704846
-6.46822646826919
-13.3755354307995
10.2469428923253
-4.79203215626656
-2.54973439418956
-52.6442999840437
16.257336641812
6.32581271182163
-59.6124701101386
18.5587389039988
32.7852983543713
-41.0850402990549
-13.2471080703635
10.8115673964916
-58.5819342090496
-16.8154625873669
78.0462222844073
46.1253886781183
-8.41020664926667
48.8620853931854
-40.7030560921879
9.71644506510706
12.7424895801664
-53.5372149351576
2.69174699388302
-24.1933077279012
