-761.061368876703
44.4582120429221
22.1628028465911
10.1013349971552
20.5077332959445
-6.33208740846969
2.30431884799795
-6.86131189426335
17.3910987570637
52.9117591819528
-5.78375057560072
25.2340673018883
80.2483718980909
20.3147509414785
-1.06592807371539
38.4748220228017
9.57486713032088
-18.260606512489
60.1766713883987
92.0211612068725
-6.81571187878664
-52.604094422643
62.7679936167869
11.4920444092039
44.8774836189726
11.0968350549431
-1.56542807854267
66.0467837014725
-32.5832057424535
