-764.889991391693
44.0050419435634
24.5094812320488
14.2898714406969
22.9889644470302
-7.14953236490024
2.77025009164695
-6.82091449517749
-2.83727528003566
-2.42703983534911
-0.951426758745111
-1.72033341839927
1.65733784333693
-0.750359581362674
-0.114447643352564
17.5125221574091
53.370302272675
-3.91513413041642
24.442495342346
77.6747301468694
22.0634193413259
-1.12241932751159
38.3999015158835
9.81742662851626
-17.6380404847908
59.8041244746704
91.384088731541
-7.27712196568945
-52.0658503038977
61.1297388858529
11.5436824811187
44.7952979681689
11.3557396104643
-1.00189941272331
65.2856686777809
-31.3229688910829
