-769.356717659181
43.4763434943116
27.2472726817495
19.1764972914955
25.8837341232968
-8.10321814740256
3.31383654257078
-6.773784196244
-6.14742977341058
-5.25858630992308
-2.06142464394774
-3.72738907319842
3.59089866056334
-1.62577909295246
-0.247969893930556
17.6541827911453
53.9052692118509
-1.73508161103474
23.51899472288
74.6721481037776
24.103532474481
-1.18832579027381
38.3124942578122
10.1004127097442
-16.9117134524763
59.369486408654
90.6408375103209
-7.81543373374272
-51.4378988320281
59.2184416997631
11.6039268983525
44.6994147088979
11.657794925239
-0.344449302600724
64.3977011501406
-29.8526925644838
