-780.842585204151
42.1168331962355
34.2873078381226
31.7421066221206
33.327427576554
-10.5555530166942
4.71163027351778
-6.65259199898644
-14.6592556135175
-12.5397058159704
-4.91570492018307
-8.88838932839622
8.56291219057412
-3.87685783704048
-0.591312823988249
18.0184529921812
55.2808984840176
3.87076772451816
21.1442788442532
66.951222850113
29.349537674023
-1.35779955166239
38.0877327370576
10.8280912043303
-15.0440153693819
58.2518456674691
88.7296200843264
-9.19966399445113
-49.823166475792
54.303677506961
11.7588411140967
44.4528577564866
12.4345085918026
1.34613669485735
62.1143560790656
-26.0719820103719
