-777.65206644166
42.4944749457011
32.3317425169079
28.2516595858359
31.2597349506492
-9.87434888633543
4.32335423714361
-6.68625649822465
-12.2948595468212
-10.5171726198462
-4.12284928789548
-7.45477814639683
7.18179732112668
-3.25155818590492
-0.495939787861112
17.9172668252268
54.8987792417491
2.31358735353124
21.8039221438718
69.0959243094643
27.8923140074835
-1.31072350683223
38.1501664928228
10.6259582891675
-15.5628203924637
58.5623014289093
89.2605138137693
-8.81515558869879
-50.2717032414132
55.6688897827394
11.7158093875011
44.5213457988231
12.218754795535
0.876529473341221
62.7486185988087
-27.1221793865141
