-761.699472629201
44.382683693029
22.5539159108341
10.7994244044121
20.9212718211254
-6.46832823454145
2.38197405527278
-6.8545789944157
-0.472879213339276
-0.404506639224852
-0.158571126457519
-0.286722236399878
0.276222973889488
-0.125059930227112
-0.0190746072254274
17.4113359904546
52.9881830304065
-5.47231450140334
25.1021386419646
79.8194316062207
20.6061956747864
-1.07534328268143
38.4623352716487
9.61529371335345
-18.1568455078726
60.1145802361106
91.9149824609839
-6.89261355993711
-52.5143870695188
62.4949511616312
11.500650754523
44.8637860105054
11.1399858141966
-1.47150663423944
65.9199311975239
-32.3731662672251
