-771.271028916676
43.2497584446322
28.4206118744783
21.2707655132664
27.1243496988397
-8.51194062561783
3.54680216439528
-6.75358549670107
-7.56606741342841
-6.47210622759763
-2.5371380233203
-4.58755578239805
4.4195675822318
-2.0009588836338
-0.305193715606838
17.7148944913179
54.134540757212
-0.80077338844259
23.1232087431089
73.3853272281668
24.9778666744047
-1.21657141717191
38.2750340043531
10.2216924588419
-16.6004304386273
59.1832129517899
90.3223012726552
-8.04613877719412
-51.1687767726554
58.3993143342961
11.6297459343099
44.658321883496
11.7872472029996
-0.0626849696910445
64.0171436382948
-29.2225741387985
