-768.718613906683
43.5518718442047
26.8561596175065
18.4784078842386
25.4701955981159
-7.9669773213308
3.23618133529595
-6.78051709609164
-5.67455056007131
-4.85407967069822
-1.90285351749022
-3.44066683679854
3.31467568667385
-1.50071916272535
-0.228895286705129
17.6339455577544
53.8288453633972
-2.04651768523212
23.6509233828038
75.1010883956478
23.8120877411732
-1.17891058130778
38.3249810089653
10.0599861267116
-17.0154744570927
59.4315775609421
90.7470162562095
-7.73853205259225
-51.5276061851523
59.4914841549188
11.5953205530334
44.7131123173652
11.6146441659855
-0.438370746903951
64.5245536540892
-30.0627320397122
