-767.442406401686
43.7029285439909
26.0739334890206
17.0822290697247
24.643118547754
-7.69449566918728
3.08087092074628
-6.79398289578692
-4.72879213339276
-4.04506639224852
-1.58571126457518
-2.86722236399878
2.76222973889488
-1.25059930227112
-0.190746072254274
17.5934710909726
53.6759976664898
-2.66938983362689
23.9147807026512
75.9589689793884
23.2291982745574
-1.16008016337571
38.3499545112713
9.97913296064651
-17.2229964663254
59.5557598655182
90.9593737479866
-7.58472869029131
-51.7070208914008
60.0375690652302
11.5781078623951
44.7405075342997
11.5283426474784
-0.626213635510404
64.7782586619864
-30.4828109901691
