-773.82344392667
42.9476450450598
29.9850641314501
24.0631231422942
28.7785037995635
-9.05690392990487
3.85742299349461
-6.7266538973105
-9.45758426678552
-8.09013278449704
-3.17142252915037
-5.73444472799756
5.52445947778975
-2.50119860454225
-0.381492144508548
17.7958434248815
54.4402361510268
0.444970908346942
22.595494103414
71.6695660606858
26.1436456076362
-1.25423225303603
38.225086999741
10.3833987909721
-16.1853864201618
58.9348483426377
89.8975862891008
-8.35374550179599
-50.8099473601585
57.3071445136734
11.6641713155863
44.6035314496268
11.9598502400137
0.313000807521862
63.5097336225003
-28.3824162378847
