-779.566377699155
42.2678898960217
33.5050817096367
30.3459278076067
32.5003505261921
-10.2830713645507
4.55631985896811
-6.66605779868172
-13.713497186839
-11.7306925375207
-4.59856266726803
-8.31494485559647
8.01046624279514
-3.62673797658626
-0.553163609537394
17.9779785253994
55.1280507871102
3.24789557612339
21.4081361641006
67.8091034338535
28.7666482074072
-1.33896913373032
38.1127062393637
10.7472380382652
-15.2515373786146
58.3760279720452
88.9419775761035
-9.04586063215019
-50.0025811820405
54.8497624172724
11.7416284234584
44.4802529734212
12.3482070732956
1.1582938062509
62.3680610869629
-26.4920609608287
