-782.756896461646
41.8902481465561
35.4606470308515
33.8363748438915
34.5680431520968
-10.9642754949095
4.94459589534228
-6.63239329944351
-16.0778932535354
-13.753225733645
-5.39141829955563
-9.74855603759586
9.39158111224258
-4.25203762772182
-0.648536645664531
18.0791646923539
55.5101700293787
4.80507594711031
20.748492864482
65.6644019745022
30.2238718739466
-1.38604517856048
38.0502724835985
10.949370953428
-14.7327323555328
58.0655722106049
88.4110838466606
-9.43036903790253
-49.5540444164194
53.484550141494
11.784660150054
44.4117649310848
12.5639608695632
1.62790102776703
61.7337985672198
-25.4418635846865
