-764.251887639195
44.0805702934565
24.1183681678059
13.5917820334399
22.5754259218492
-7.01329153882848
2.69259488437211
-6.82764739502514
-2.36439606669638
-2.02253319612426
-0.792855632287592
-1.43361118199939
1.38111486944744
-0.625299651135562
-0.0953730361271369
17.4922849240182
53.2938784242213
-4.22657020461381
24.5744240022697
78.1036704387397
21.771974608018
-1.11300411854555
38.4123882670365
9.7770000454837
-17.7418014894072
59.8662156269584
91.4902674774296
-7.20022028453898
-52.1555576570219
61.4027813410085
11.5350761357995
44.8089955766362
11.3125888512107
-1.09582085702654
65.4125211817295
-31.5330083663113
