-782.118792709148
41.9657764964492
35.0695339666085
33.1382854366345
34.1545046269159
-10.8280346688377
4.86694068806744
-6.63912619929116
-15.6050140401961
-13.3487190944201
-5.23284717309811
-9.46183380119598
9.11535813835309
-4.12697769749471
-0.629462038439103
18.058927458963
55.433746180925
4.49363987291292
20.8804215244058
66.0933422663725
29.9324271406387
-1.37662996959445
38.0627592347516
10.9089443703955
-14.8364933601492
58.127663362893
88.5172625925492
-9.35346735675206
-49.6437517695436
53.7575925966497
11.7760538047349
44.4254625395521
12.5208101103097
1.53397958346381
61.8606510711684
-25.651903059915
