-777.013962689161
42.5700032955942
31.9406294526649
27.5535701785789
30.8461964254683
-9.73810806026367
4.24569902986878
-6.69298939807229
-11.8219803334819
-10.1126659806213
-3.96427816143796
-7.16805590999695
6.90557434723719
-3.12649825567781
-0.476865180635684
17.8970295918359
54.8223553932954
2.00215127933386
21.9358508037955
69.5248646013345
27.6008692741757
-1.30130829786619
38.1626532439758
10.585531706135
-15.66658139708
58.6243925811974
89.3666925596579
-8.73825390754832
-50.3614105945374
55.9419322378951
11.707203042182
44.5350434072904
12.1756040362814
0.782608029037994
62.8754711027573
-27.3322188617425
