-784.671207719142
41.6636630968768
36.6339862235803
35.9306430656623
35.8086587276397
-11.3729979731248
5.17756151716678
-6.61219459990059
-17.4965308935532
-14.9667456513195
-5.86713167892818
-10.6087227467955
10.220250033911
-4.62721741840316
-0.705760467340813
18.1398763925265
55.7394415747398
5.73938416970246
20.3527068847109
64.3775810988915
31.0982060738703
-1.41429080545858
38.0128122301394
11.0706507025257
-14.4214493416837
57.8792987537408
88.0925476089948
-9.66107408135393
-49.2849223570467
52.665422776027
11.8104791860114
44.3706721056829
12.6934131473238
1.90966536067671
61.353241055374
-24.8117451590012
