-780.204481451653
42.1923615461286
33.8961947738797
31.0440172148637
32.913889051373
-10.4193121906225
4.63397506624294
-6.65932489883408
-14.1863764001783
-12.1351991767456
-4.75713379372555
-8.60166709199635
8.28668921668463
-3.75179790681337
-0.572238216762821
17.9982157587903
55.2044746355639
3.55933165032077
21.2762075041769
67.3801631419832
29.0580929407151
-1.34838434269636
38.1002194882107
10.7876646212978
-15.1477763739982
58.3139368197571
88.8357988302149
-9.12276231330066
-49.9128738289163
54.5767199621167
11.7502347687776
44.4665553649539
12.3913578325491
1.25221525055413
62.2412085830142
-26.2820214856003
