-773.185340174171
43.0231733949529
29.5939510672072
23.3650337350372
28.3649652743826
-8.92066310383311
3.77976778621978
-6.73338679715815
-8.98470505344624
-7.68562614527219
-3.01285140269285
-5.44772249159769
5.24823650390027
-2.37613867431513
-0.36241753728312
17.7756061914906
54.3638123025731
0.13353483414956
22.7274227633377
72.0985063525561
25.8522008743284
-1.24481704407
38.237573750894
10.3429722079396
-16.2891474247782
58.9969394949257
90.0037650349894
-8.27684382064552
-50.8996547132828
57.5801869688291
11.6555649702672
44.6172290580941
11.9166994807602
0.219079363218635
63.6365861264489
-28.5924557131131
