-778.928273946656
42.3434182459148
33.1139686453938
29.6478384003498
32.0868120010111
-10.1468305384789
4.47866465169328
-6.67279069852937
-13.2406179734997
-11.3261858982959
-4.43999154081052
-8.02822261919659
7.73424326890566
-3.50167804635915
-0.534089002311966
17.9577412920085
55.0516269386565
2.93645950192601
21.5400648240243
68.2380437257238
28.4752034740993
-1.32955392476429
38.1251929905167
10.7068114552326
-15.355298383231
58.4381191243332
89.0481563219921
-8.96895895099973
-50.0922885351647
55.122804872428
11.7330220781393
44.4939505818885
12.305056314042
1.06437236194767
62.4949135909115
-26.7021004360572
