-770.632925164178
43.3252867945254
28.0294988102354
20.5726761060094
26.7108111736588
-8.37569979954608
3.46914695712045
-6.76031839654871
-7.09318820008914
-6.06759958837278
-2.37856689686278
-4.30083354599817
4.14334460834232
-1.87589895340668
-0.286119108381411
17.694657257927
54.0581169087583
-1.11220946263997
23.2551374030326
73.8142675200371
24.6864219410968
-1.20715620820587
38.2875207555062
10.1812658758093
-16.7041914432436
59.2453041040779
90.4284800185437
-7.96923709604365
-51.2584841257797
58.6723567894518
11.6211395889907
44.6720194919633
11.7440964437461
-0.156606413994271
64.1439961422434
-29.4326136140269
