-773.144021027538
43.0388286987136
29.7245485553278
23.3561906295854
28.3042000844863
-9.08156131056994
3.88221214378542
-6.77407807310901
-9.01077855309621
-7.66940062970019
-2.97618567092711
-5.48257853592368
5.23660934927026
-2.38974456138076
-0.373811537103221
17.7838914320259
54.4218141321906
0.173918102836773
22.7015974347178
72.0616887479423
25.8042011906184
-1.24520524758333
38.246133859188
10.344476837018
-16.2951767716421
59.0188100996062
90.0081269901994
-8.27223945330996
-50.9935126750198
57.5236066895041
11.6549212420229
44.6268379785975
11.9072739650634
0.234986295483495
63.7225090726973
-28.5869878100105
