-791.04524406922
34.1444194833864
45.0419030576123
45.3188557980806
26.473702760062
-26.6519771606235
16.1947834151933
3.31055362863584
-22.5940273858499
-15.8578513168322
1.89991809204646
-21.2596364058018
9.24708094933113
-8.71788263929801
-9.50130779022545
22.1406830481571
60.8572688755117
10.9306161962375
22.8092407277662
61.6718363392631
31.42150739578
-4.82225968870611
39.8565063578081
9.30775150357977
-14.0612719150045
61.320929982422
90.687788263337
-15.3223912008349
-50.1700921501753
39.438449808521
12.8551786352144
44.5365482859449
11.4966369276382
0.693431546010521
55.6547219825856
-17.9281269618295
