-789.023310654154
36.1474012935279
44.4680300277885
42.755719201729
27.7793156406134
-25.4009269441674
15.7360556067402
1.90347737763202
-21.3246758157472
-16.1354720651087
1.44710324543628
-20.2757747375548
9.85420082397716
-8.24230523933891
-8.57445267166873
21.9360483940471
60.5115472715397
10.2201515410841
23.1831311446372
62.2108077075628
30.9763392794832
-4.31230264073744
39.662699620202
9.57843047952109
-14.2351822163714
60.7341493773721
90.301703403496
-14.4505420657731
-50.5584007098728
41.5556457504243
12.6965469840591
44.5546667987473
11.5932140998705
0.974886345575576
56.305907654171
-18.7542572630787
