-71.25,54.48,3194
-71.3,54.49,3193.5
-71.34,54.49,3193
-71.39,54.5,3192.5
-71.43,54.51,3192
-71.48,54.51,3191.5
-71.53,54.52,3191
-71.57,54.53,3190.5
-71.62,54.53,3190
-71.66,54.54,3189.5
-71.71,54.55,3189.1
-71.76,54.55,3188.6
-71.8,54.56,3188.1
-71.85,54.57,3187.6
-71.89,54.57,3187.1
-71.94,54.58,3186.6
-71.99,54.59,3186.1
-72.03,54.59,3185.6
-72.08,54.6,3185.2
-72.13,54.61,3184.7
-72.17,54.61,3184.2
-72.22,54.62,3183.7
-72.26,54.63,3183.3
-72.31,54.63,3182.8
-72.36,54.64,3182.3
-72.4,54.65,3181.8
-72.45,54.65,3181.4
-72.5,54.66,3180.9
-72.54,54.67,3180.4
-72.59,54.67,3179.9
-72.64,54.68,3179.5
-72.68,54.69,3179
-72.73,54.69,3178.5
-72.78,54.7,3178.1
-72.82,54.7,3177.6
-72.87,54.71,3177.2
-72.92,54.72,3176.7
-72.96,54.72,3176.3
-73.01,54.73,3175.8
-73.06,54.74,3175.3
-73.1,54.74,3174.9
-73.15,54.75,3174.4
-73.2,54.76,3174
-73.24,54.76,3173.5
-73.29,54.77,3173.1
-73.34,54.77,3172.6
-73.38,54.78,3172.2
-73.43,54.79,3171.8
-73.48,54.79,3171.3
-73.52,54.8,3170.9
-73.57,54.8,3170.4
-73.62,54.81,3170
-73.67,54.82,3169.5
-73.71,54.82,3169.1
-73.76,54.83,3168.7
-73.81,54.83,3168.3
-73.85,54.84,3167.8
-73.9,54.85,3167.4
-73.95,54.85,3167
-74,54.86,3166.5
-74.04,54.86,3166.1
-74.09,54.87,3165.7
-74.14,54.88,3165.3
-74.18,54.88,3164.8
-74.23,54.89,3164.4
-74.28,54.89,3164
-74.33,54.9,3163.6
-74.37,54.91,3163.1
-74.42,54.91,3162.7
-74.47,54.92,3162.3
-74.52,54.92,3161.9
-74.56,54.93,3161.5
-74.61,54.93,3161.1
-74.66,54.94,3160.7
-74.71,54.95,3160.3
-74.75,54.95,3159.9
-74.8,54.96,3159.5
-74.85,54.96,3159
-74.9,54.97,3158.7
-74.94,54.97,3158.3
-74.99,54.98,3157.8
-75.04,54.99,3157.4
-75.09,54.99,3157
-75.13,55,3156.7
-75.18,55,3156.3
-75.23,55.01,3155.9
-75.28,55.01,3155.5
-75.32,55.02,3155.1
-75.37,55.02,3154.7
-75.42,55.03,3154.3
-75.47,55.03,3153.9
-75.51,55.04,3153.5
-75.56,55.05,3153.2
-75.61,55.05,3152.8
-75.66,55.06,3152.4
-75.71,55.06,3152
-75.75,55.07,3151.6
-75.8,55.07,3151.2
-75.85,55.08,3150.9
-75.9,55.08,3150.5
-75.95,55.09,3150.1
-75.99,55.09,3149.7
-76.04,55.1,3149.4
-76.09,55.1,3149
-76.14,55.11,3148.6
-76.19,55.11,3148.3
-76.23,55.12,3147.9
-76.28,55.12,3147.5
-76.33,55.13,3147.2
-76.38,55.13,3146.8
-76.43,55.14,3146.4
-76.47,55.14,3146.1
-76.52,55.15,3145.7
-76.57,55.15,3145.4
-76.62,55.16,3145
-76.67,55.16,3144.7
-76.72,55.17,3144.3
-76.76,55.17,3144
-76.81,55.18,3143.6
-76.86,55.18,3143.3
-76.91,55.19,3142.9
-76.96,55.19,3142.6
-77.01,55.2,3142.2
-77.05,55.2,3141.9
-77.1,55.21,3141.5
-77.15,55.21,3141.2
-77.2,55.22,3140.9
-77.25,55.22,3140.5
-77.3,55.23,3140.2
-77.34,55.23,3139.9
-77.39,55.24,3139.5
-77.44,55.24,3139.2
-77.49,55.25,3138.9
-77.54,55.25,3138.5
-77.59,55.25,3138.2
-77.64,55.26,3137.9
-77.68,55.26,3137.5
-77.73,55.27,3137.2
-77.78,55.27,3136.9
-77.83,55.28,3136.6
-77.88,55.28,3136.3
-77.93,55.29,3135.9
-77.98,55.29,3135.6
-78.03,55.3,3135.3
-78.07,55.3,3135
-78.12,55.3,3134.7
-78.17,55.31,3134.4
-78.22,55.31,3134
-78.27,55.32,3133.7
-78.32,55.32,3133.4
-78.37,55.33,3133.1
-78.42,55.33,3132.8
-78.46,55.33,3132.5
-78.51,55.34,3132.2
-78.56,55.34,3131.9
-78.61,55.35,3131.6
-78.66,55.35,3131.3
-78.71,55.36,3131
-78.76,55.36,3130.7
-78.81,55.36,3130.4
-78.86,55.37,3130.1
-78.9,55.37,3129.8
-78.95,55.38,3129.5
-79,55.38,3129.3
-79.05,55.38,3129
-79.1,55.39,3128.7
-79.15,55.39,3128.4
-79.2,55.4,3128.1
-79.25,55.4,3127.8
-79.3,55.4,3127.5
-79.35,55.41,3127.3
-79.4,55.41,3127
-79.44,55.42,3126.7
-79.49,55.42,3126.4
-79.54,55.42,3126.2
-79.59,55.43,3125.9
-79.64,55.43,3125.6
-79.69,55.44,3125.3
-79.74,55.44,3125.1
-79.79,55.44,3124.8
-79.84,55.45,3124.5
-79.89,55.45,3124.3
-79.94,55.45,3124
-79.99,55.46,3123.8
-80.04,55.46,3123.5
-80.08,55.46,3123.2
-80.13,55.47,3123
-80.18,55.47,3122.7
-80.23,55.48,3122.5
-80.28,55.48,3122.2
-80.33,55.48,3121.9
-80.38,55.49,3121.7
-80.43,55.49,3121.4
-80.48,55.49,3121.2
-80.53,55.5,3121
-80.58,55.5,3120.7
-80.63,55.5,3120.5
-80.68,55.51,3120.2
-80.73,55.51,3120
-80.78,55.51,3119.7
-80.83,55.52,3119.5
-80.88,55.52,3119.3
-80.93,55.52,3119
-80.98,55.53,3118.8
-81.02,55.53,3118.6
-81.07,55.53,3118.3
-81.12,55.54,3118.1
-81.17,55.54,3117.9
-81.22,55.54,3117.6
-81.27,55.55,3117.4
-81.32,55.55,3117.2
-81.37,55.55,3116.9
-81.42,55.56,3116.7
-81.47,55.56,3116.5
-81.52,55.56,3116.3
-81.57,55.56,3116.1
-81.62,55.57,3115.9
-81.67,55.57,3115.6
-81.72,55.57,3115.4
-81.77,55.58,3115.2
-81.82,55.58,3115
-81.87,55.58,3114.8
-81.92,55.59,3114.6
-81.97,55.59,3114.4
-82.02,55.59,3114.2
-82.07,55.59,3113.9
-82.12,55.6,3113.8
-82.17,55.6,3113.6
-82.22,55.6,3113.3
-82.27,55.61,3113.2
-82.32,55.61,3112.9
-82.37,55.61,3112.8
-82.42,55.61,3112.6
-82.47,55.62,3112.4
-82.52,55.62,3112.2
-82.57,55.62,3112
-82.62,55.62,3111.8
-82.67,55.63,3111.6
-82.72,55.63,3111.4
-82.77,55.63,3111.2
-82.82,55.63,3111
-82.87,55.64,3110.8
-82.92,55.64,3110.7
-82.97,55.64,3110.5
-83.02,55.64,3110.3
-83.07,55.65,3110.1
-83.12,55.65,3109.9
-83.17,55.65,3109.8
-83.22,55.65,3109.6
-83.27,55.66,3109.4
-83.32,55.66,3109.3
-83.37,55.66,3109.1
-83.42,55.66,3108.9
-83.47,55.67,3108.8
-83.52,55.67,3108.6
-83.57,55.67,3108.4
-83.62,55.67,3108.3
-83.67,55.68,3108.1
-83.72,55.68,3107.9
-83.77,55.68,3107.8
-83.82,55.68,3107.6
-83.87,55.68,3107.4
-83.92,55.69,3107.3
-83.97,55.69,3107.2
-84.02,55.69,3107
-84.07,55.69,3106.8
-84.12,55.69,3106.7
-84.17,55.7,3106.6
-84.22,55.7,3106.4
-84.27,55.7,3106.3
-84.32,55.7,3106.1
-84.37,55.7,3106
-84.42,55.71,3105.8
-84.47,55.71,3105.7
-84.52,55.71,3105.6
-84.57,55.71,3105.4
-84.62,55.71,3105.3
-84.67,55.72,3105.1
-84.72,55.72,3105
-84.77,55.72,3104.9
-84.82,55.72,3104.7
-84.87,55.72,3104.6
-84.92,55.72,3104.5
-84.97,55.73,3104.4
-85.02,55.73,3104.2
-85.08,55.73,3104.1
-85.13,55.73,3104
-85.18,55.73,3103.9
-85.23,55.73,3103.7
-85.28,55.74,3103.6
-85.33,55.74,3103.5
-85.38,55.74,3103.4
-85.43,55.74,3103.3
-85.48,55.74,3103.2
-85.53,55.74,3103.1
-85.58,55.74,3102.9
-85.63,55.75,3102.8
-85.68,55.75,3102.7
-85.73,55.75,3102.6
-85.78,55.75,3102.5
-85.83,55.75,3102.4
-85.88,55.75,3102.3
-85.93,55.75,3102.2
-85.98,55.76,3102.1
-86.03,55.76,3102
-86.08,55.76,3101.9
-86.13,55.76,3101.8
-86.18,55.76,3101.7
-86.23,55.76,3101.6
-86.29,55.76,3101.6
-86.34,55.76,3101.4
-86.39,55.76,3101.4
-86.44,55.77,3101.3
-86.49,55.77,3101.2
-86.54,55.77,3101.1
-86.59,55.77,3101
-86.64,55.77,3100.9
-86.69,55.77,3100.9
-86.74,55.77,3100.8
-86.79,55.77,3100.7
-86.84,55.77,3100.6
-86.89,55.77,3100.6
-86.94,55.78,3100.5
-86.99,55.78,3100.4
-87.04,55.78,3100.3
-87.09,55.78,3100.3
-87.14,55.78,3100.2
-87.19,55.78,3100.1
-87.24,55.78,3100.1
-87.3,55.78,3100
-87.35,55.78,3099.9
-87.4,55.78,3099.9
-87.45,55.78,3099.8
-87.5,55.78,3099.8
-87.55,55.78,3099.7
-87.6,55.79,3099.7
-87.65,55.79,3099.6
-87.7,55.79,3099.6
-87.75,55.79,3099.5
-87.8,55.79,3099.4
-87.85,55.79,3099.4
-87.9,55.79,3099.3
-87.95,55.79,3099.3
-88,55.79,3099.3
-88.05,55.79,3099.2
-88.1,55.79,3099.2
-88.16,55.79,3099.1
-88.21,55.79,3099.1
-88.26,55.79,3099.1
-88.31,55.79,3099
-88.36,55.79,3099
-88.41,55.79,3098.9
-88.46,55.79,3098.9
-88.51,55.79,3098.9
-88.56,55.79,3098.9
-88.61,55.79,3098.8
-88.66,55.79,3098.8
-88.71,55.79,3098.8
-88.76,55.79,3098.8
-88.81,55.79,3098.7
-88.86,55.79,3098.7
-88.91,55.79,3098.7
-88.96,55.79,3098.7
-89.02,55.79,3098.7
-89.07,55.79,3098.6
-89.12,55.79,3098.6
-89.17,55.79,3098.6
-89.22,55.79,3098.6
-89.27,55.79,3098.6
-89.32,55.79,3098.6
-89.37,55.79,3098.6
-89.42,55.79,3098.6
-89.47,55.79,3098.6
-89.52,55.79,3098.6
-89.57,55.79,3098.6
-89.62,55.79,3098.6
-89.67,55.79,3098.6
-89.72,55.79,3098.6
-89.77,55.79,3098.6
-89.83,55.79,3098.6
-89.88,55.79,3098.6
-89.93,55.79,3098.6
-89.98,55.79,3098.6
-90.03,55.79,3098.6
-90.08,55.79,3098.6
-90.13,55.79,3098.6
-90.18,55.79,3098.6
-90.23,55.79,3098.7
-90.28,55.79,3098.7
-90.33,55.79,3098.7
-90.38,55.79,3098.7
-90.43,55.79,3098.7
-90.48,55.79,3098.7
-90.53,55.79,3098.8
-90.58,55.79,3098.8
-90.63,55.78,3098.8
-90.69,55.78,3098.8
-90.74,55.78,3098.9
-90.79,55.78,3098.9
-90.84,55.78,3098.9
-90.89,55.78,3099
-90.94,55.78,3099
-90.99,55.78,3099.1
-91.04,55.78,3099.1
-91.09,55.78,3099.1
-91.14,55.78,3099.2
-91.19,55.78,3099.2
-91.24,55.78,3099.2
-91.29,55.78,3099.3
-91.34,55.77,3099.3
-91.39,55.77,3099.4
-91.44,55.77,3099.4
-91.49,55.77,3099.5
-91.54,55.77,3099.5
-91.6,55.77,3099.6
-91.65,55.77,3099.6
-91.7,55.77,3099.7
-91.75,55.77,3099.8
-91.8,55.77,3099.8
-91.85,55.76,3099.9
-91.9,55.76,3099.9
-91.95,55.76,3100
-92,55.76,3100.1
-92.05,55.76,3100.1
-92.1,55.76,3100.2
-92.15,55.76,3100.3
-92.2,55.76,3100.3
-92.25,55.75,3100.4
-92.3,55.75,3100.5
-92.35,55.75,3100.6
-92.4,55.75,3100.6
-92.45,55.75,3100.7
-92.5,55.75,3100.8
-92.55,55.75,3100.8
-92.6,55.75,3100.9
-92.66,55.74,3101
-92.71,55.74,3101.1
-92.76,55.74,3101.2
-92.81,55.74,3101.3
-92.86,55.74,3101.3
-92.91,55.74,3101.4
-92.96,55.73,3101.5
-93.01,55.73,3101.6
-93.06,55.73,3101.7
-93.11,55.73,3101.8
-93.16,55.73,3101.9
-93.21,55.73,3102
-93.26,55.72,3102.1
-93.31,55.72,3102.2
-93.36,55.72,3102.3
-93.41,55.72,3102.4
-93.46,55.72,3102.5
-93.51,55.72,3102.6
-93.56,55.71,3102.7
-93.61,55.71,3102.8
-93.66,55.71,3102.9
-93.71,55.71,3103
-93.76,55.71,3103.1
-93.81,55.7,3103.3
-93.86,55.7,3103.4
-93.91,55.7,3103.5
-93.96,55.7,3103.6
-94.01,55.7,3103.7
-94.07,55.7,3103.8
-94.12,55.69,3103.9
-94.17,55.69,3104.1
-94.22,55.69,3104.2
-94.27,55.69,3104.3
-94.32,55.68,3104.4
-94.37,55.68,3104.6
-94.42,55.68,3104.7
-94.47,55.68,3104.8
-94.52,55.68,3105
-94.57,55.67,3105.1
-94.62,55.67,3105.2
-94.67,55.67,3105.4
-94.72,55.67,3105.5
-94.77,55.66,3105.7
-94.82,55.66,3105.8
-94.87,55.66,3105.9
-94.92,55.66,3106.1
-94.97,55.66,3106.2
-95.02,55.65,3106.4
-95.07,55.65,3106.5
-95.12,55.65,3106.7
-95.17,55.65,3106.8
-95.22,55.64,3107
-95.27,55.64,3107.1
-95.42,55.63,3107.6
-95.47,55.63,3107.7
-95.52,55.63,3107.9
-95.57,55.63,3108.1
-95.62,55.62,3108.2
-95.67,55.62,3108.4
-95.72,55.62,3108.6
-95.77,55.61,3108.7
-95.82,55.61,3108.9
-95.87,55.61,3109.1
-95.92,55.61,3109.2
-95.97,55.6,3109.4
-96.02,55.6,3109.6
-96.07,55.6,3109.7
-96.12,55.6,3109.9
-96.17,55.59,3110.1
-96.22,55.59,3110.3
-96.27,55.59,3110.4
-96.32,55.58,3110.6
-96.37,55.58,3110.8
-96.42,55.58,3111
-96.47,55.58,3111.2
-96.52,55.57,3111.4
-96.57,55.57,3111.6
-96.62,55.57,3111.7
-96.67,55.56,3111.9
-96.72,55.56,3112.1
-96.77,55.56,3112.3
-96.82,55.55,3112.5
-96.87,55.55,3112.7
-96.92,55.55,3112.9
-96.97,55.54,3113.1
-97.02,55.54,3113.3
-97.07,55.54,3113.5
-97.11,55.53,3113.7
-97.16,55.53,3113.9
-97.21,55.53,3114.1
-97.26,55.53,3114.3
-97.31,55.52,3114.5
-97.36,55.52,3114.7
-97.41,55.52,3114.9
-97.46,55.51,3115.2
-97.51,55.51,3115.4
-97.56,55.5,3115.6
-97.61,55.5,3115.8
-97.66,55.5,3116
-97.71,55.49,3116.2
-97.76,55.49,3116.5
-97.81,55.49,3116.7
-97.86,55.48,3116.9
-97.91,55.48,3117.1
-97.96,55.48,3117.3
-98.01,55.47,3117.6
-98.06,55.47,3117.8
-98.11,55.47,3118.1
-98.16,55.46,3118.3
-98.2,55.46,3118.5
-98.25,55.46,3118.7
-98.3,55.45,3119
-98.35,55.45,3119.2
-98.4,55.44,3119.4
-98.45,55.44,3119.7
-98.5,55.44,3119.9
-98.55,55.43,3120.2
-98.6,55.43,3120.4
-98.65,55.43,3120.7
-98.7,55.42,3120.9
-98.75,55.42,3121.2
-98.8,55.41,3121.4
-98.85,55.41,3121.7
-98.9,55.41,3121.9
-98.94,55.4,3122.2
-98.99,55.4,3122.4
-99.04,55.39,3122.7
-99.09,55.39,3122.9
-99.14,55.39,3123.2
-99.19,55.38,3123.4
-99.24,55.38,3123.7
-99.29,55.37,3123.9
-99.34,55.37,3124.2
-99.39,55.37,3124.5
-99.44,55.36,3124.8
-99.48,55.36,3125
-99.53,55.35,3125.3
-99.58,55.35,3125.5
-99.63,55.34,3125.8
-99.68,55.34,3126.1
-99.73,55.34,3126.4
-99.78,55.33,3126.7
-99.83,55.33,3126.9
-99.88,55.32,3127.2
-99.93,55.32,3127.5
-99.97,55.31,3127.8
-100.02,55.31,3128
-100.07,55.31,3128.3
-100.12,55.3,3128.6
-100.17,55.3,3128.9
-100.22,55.29,3129.2
-100.27,55.29,3129.5
-100.32,55.28,3129.8
-100.37,55.28,3130.1
-100.41,55.27,3130.4
-100.46,55.27,3130.7
-100.51,55.27,3130.9
-100.56,55.26,3131.2
-100.61,55.26,3131.5
-100.66,55.25,3131.8
-100.71,55.25,3132.2
-100.76,55.24,3132.4
-100.8,55.24,3132.8
-100.85,55.23,3133
-100.9,55.23,3133.4
-100.95,55.22,3133.7
-101,55.22,3134
-101.05,55.21,3134.3
-101.1,55.21,3134.6
-101.14,55.2,3134.9
-101.19,55.2,3135.2
-101.24,55.19,3135.5
-101.29,55.19,3135.9
-101.34,55.18,3136.2
-101.39,55.18,3136.5
-101.43,55.18,3136.8
-101.48,55.17,3137.2
-101.53,55.17,3137.5
-101.58,55.16,3137.8
-101.63,55.16,3138.1
-101.68,55.15,3138.4
-101.72,55.15,3138.8
-101.77,55.14,3139.1
-101.82,55.14,3139.4
-101.87,55.13,3139.8
-101.92,55.13,3140.1
-101.97,55.12,3140.4
-102.01,55.11,3140.8
-102.06,55.11,3141.1
-102.11,55.1,3141.5
-102.16,55.1,3141.8
-102.21,55.09,3142.2
-102.25,55.09,3142.5
-102.3,55.08,3142.8
-102.35,55.08,3143.2
-102.4,55.07,3143.5
-102.45,55.07,3143.9
-102.49,55.06,3144.2
-102.54,55.06,3144.6
-102.59,55.05,3144.9
-102.64,55.05,3145.3
-102.69,55.04,3145.7
-102.73,55.04,3146
-102.78,55.03,3146.4
-102.83,55.02,3146.7
-102.88,55.02,3147.1
-102.93,55.01,3147.4
-102.97,55.01,3147.8
-103.02,55,3148.2
-103.07,55,3148.5
-103.12,54.99,3148.9
-103.17,54.99,3149.3
-103.21,54.98,3149.7
-103.26,54.98,3150
-103.31,54.97,3150.4
-103.36,54.96,3150.8
-103.4,54.96,3151.2
-103.45,54.95,3151.5
-103.5,54.95,3151.9
-103.55,54.94,3152.3
-103.59,54.94,3152.7
-103.64,54.93,3153
-103.69,54.92,3153.4
-103.74,54.92,3153.8
-103.78,54.91,3154.2
-103.83,54.91,3154.6
-103.88,54.9,3155
-103.93,54.89,3155.4
-103.97,54.89,3155.8
-104.02,54.88,3156.2
-104.07,54.88,3156.5
-104.12,54.87,3156.9
-104.16,54.87,3157.4
-104.21,54.86,3157.8
-104.26,54.85,3158.2
-104.31,54.85,3158.5
-104.35,54.84,3159
-104.4,54.84,3159.4
-104.45,54.83,3159.8
-104.49,54.82,3160.2
-104.54,54.82,3160.6
-104.59,54.81,3161
-104.64,54.81,3161.4
-104.68,54.8,3161.8
-104.73,54.79,3162.2
-104.78,54.79,3162.6
-104.82,54.78,3163
-104.87,54.77,3163.5
-104.92,54.77,3163.9
-104.97,54.76,3164.3
-105.01,54.76,3164.7
-105.06,54.75,3165.1
-105.11,54.74,3165.6
-105.15,54.74,3166
-105.2,54.73,3166.4
-105.25,54.72,3166.9
-105.29,54.72,3167.3
-105.34,54.71,3167.7
-105.39,54.7,3168.1
-105.43,54.7,3168.6
-105.48,54.69,3169
-105.53,54.69,3169.4
-105.57,54.68,3169.9
-105.62,54.67,3170.3
-105.67,54.67,3170.8
-105.71,54.66,3171.2
-105.76,54.65,3171.6
-105.81,54.65,3172.1
-105.85,54.64,3172.5
-105.9,54.63,3173
-105.95,54.63,3173.4
-105.99,54.62,3173.9
-106.04,54.61,3174.3
-106.09,54.61,3174.8
-106.13,54.6,3175.2
-106.18,54.59,3175.7
-106.23,54.59,3176.1
-106.27,54.58,3176.6
-106.32,54.57,3177.1
-106.36,54.57,3177.5
-106.41,54.56,3178
-106.46,54.55,3178.4
-106.5,54.55,3178.9
-106.55,54.54,3179.4
-106.6,54.53,3179.8
-106.64,54.53,3180.3
-106.69,54.52,3180.8
-106.73,54.51,3181.3
-106.78,54.51,3181.7
-106.83,54.5,3182.2
-106.87,54.49,3182.7
-106.92,54.48,3183.1
-106.96,54.48,3183.6
-107.01,54.47,3184.1
-107.06,54.46,3184.6
-107.1,54.46,3185
-107.15,54.45,3185.5
-107.19,54.44,3186
-107.24,54.44,3186.5
-107.29,54.43,3187
-107.33,54.42,3187.5
-107.38,54.41,3188
-107.42,54.41,3188.5
-107.47,54.4,3188.9
-107.52,54.39,3189.4
-107.56,54.39,3189.9
-107.61,54.38,3190.4
-107.65,54.37,3190.9
-107.7,54.36,3191.4
-107.74,54.36,3191.9
-107.79,54.35,3192.4
-107.83,54.34,3192.9
-107.88,54.34,3193.4
-107.93,54.33,3193.9
-107.97,54.32,3194.4
-108.02,54.31,3194.9
-108.06,54.31,3195.4
-108.11,54.3,3196
-108.15,54.29,3196.5
-108.2,54.28,3197
-108.24,54.28,3197.5
-108.29,54.27,3198
-108.33,54.26,3198.5
-108.38,54.25,3199
-108.43,54.25,3199.5
-108.47,54.24,3200.1
-108.52,54.23,3200.6
-108.56,54.22,3201.1
-108.61,54.22,3201.6
-108.65,54.21,3202.2
-108.7,54.2,3202.7
-108.74,54.19,3203.2
-108.79,54.19,3203.7
-108.83,54.18,3204.3
-108.88,54.17,3204.8
-108.92,54.16,3205.3
-108.97,54.16,3205.9
-109.01,54.15,3206.4
-109.06,54.14,3206.9
-109.1,54.13,3207.5
-109.15,54.13,3208
-109.19,54.12,3208.6
-109.24,54.11,3209.1
-109.28,54.1,3209.6
-109.33,54.1,3210.2
-109.37,54.09,3210.7
-109.42,54.08,3211.3
-109.46,54.07,3211.8
-109.5,54.06,3212.4
-109.55,54.06,3212.9
-109.59,54.05,3213.5
-109.64,54.04,3214
-109.68,54.03,3214.6
-109.73,54.02,3215.1
-109.77,54.02,3215.7
-109.82,54.01,3216.2
-109.86,54,3216.8
-109.91,53.99,3217.4
-109.95,53.98,3217.9
-109.99,53.98,3218.5
-110.04,53.97,3219.1
-110.08,53.96,3219.6
-110.13,53.95,3220.2
-110.17,53.94,3220.8
-110.22,53.94,3221.4
-110.26,53.93,3221.9
-110.3,53.92,3222.5
-110.35,53.91,3223.1
-110.39,53.9,3223.6
-110.44,53.9,3224.2
-110.48,53.89,3224.8
-110.53,53.88,3225.4
-110.57,53.87,3226
-110.61,53.86,3226.5
-110.66,53.86,3227.1
-110.7,53.85,3227.7
-110.75,53.84,3228.3
-110.79,53.83,3228.9
-110.83,53.82,3229.5
-110.88,53.81,3230
-110.92,53.81,3230.6
-110.96,53.8,3231.2
-111.01,53.79,3231.8
-111.05,53.78,3232.4
-111.1,53.77,3233
-111.14,53.76,3233.6
-111.18,53.76,3234.2
-111.23,53.75,3234.8
-111.27,53.74,3235.4
-111.31,53.73,3236
-111.36,53.72,3236.6
-111.4,53.71,3237.2
-111.45,53.71,3237.8
-111.49,53.7,3238.4
-111.53,53.69,3239
-111.58,53.68,3239.6
-111.62,53.67,3240.2
-111.66,53.66,3240.9
-111.71,53.65,3241.5
-111.75,53.65,3242.1
-111.79,53.64,3242.7
-111.84,53.63,3243.3
-111.88,53.62,3244
-111.92,53.61,3244.6
-111.97,53.6,3245.2
-112.01,53.59,3245.8
-112.05,53.59,3246.4
-112.1,53.58,3247.1
-112.14,53.57,3247.7
-112.18,53.56,3248.3
-112.22,53.55,3248.9
-112.27,53.54,3249.6
-112.31,53.53,3250.2
-112.35,53.52,3250.8
-112.4,53.52,3251.5
-112.44,53.51,3252.1
-112.48,53.5,3252.7
-112.53,53.49,3253.4
-112.57,53.48,3254
-112.61,53.47,3254.7
-112.65,53.46,3255.3
-112.7,53.45,3255.9
-112.74,53.45,3256.6
-112.78,53.44,3257.2
-112.82,53.43,3257.9
-112.87,53.42,3258.5
-112.91,53.41,3259.2
-112.95,53.4,3259.8
-113,53.39,3260.5
-113.04,53.38,3261.1
-113.08,53.37,3261.8
-113.12,53.37,3262.4
-113.17,53.36,3263.1
-113.21,53.35,3263.7
-113.25,53.34,3264.4
-113.29,53.33,3265.1
-113.33,53.32,3265.7
-113.38,53.31,3266.4
-113.42,53.3,3267.1
-113.46,53.29,3267.7
-113.5,53.28,3268.4
-113.55,53.27,3269.1
-113.59,53.27,3269.7
-113.63,53.26,3270.4
-113.67,53.25,3271.1
-113.71,53.24,3271.7
-113.76,53.23,3272.4
-113.8,53.22,3273.1
-113.84,53.21,3273.8
-113.88,53.2,3274.4
-113.93,53.19,3275.1
-113.97,53.18,3275.8
-114.01,53.17,3276.5
-114.05,53.16,3277.2
-114.09,53.16,3277.8
-114.13,53.15,3278.5
-114.18,53.14,3279.2
-114.22,53.13,3279.9
-114.26,53.12,3280.6
-114.3,53.11,3281.3
-114.34,53.1,3282
-114.39,53.09,3282.7
-114.43,53.08,3283.3
-114.47,53.07,3284.1
-114.51,53.06,3284.7
-114.55,53.05,3285.4
-114.59,53.04,3286.1
-114.63,53.03,3286.8
-114.68,53.02,3287.6
-114.72,53.01,3288.2
-114.76,53.01,3288.9
-114.8,53,3289.7
-114.84,52.99,3290.4
-114.88,52.98,3291.1
-114.92,52.97,3291.8
-114.97,52.96,3292.5
-115.01,52.95,3293.2
-115.05,52.94,3293.9
-115.09,52.93,3294.6
-115.13,52.92,3295.3
-115.17,52.91,3296.1
-115.21,52.9,3296.8
-115.25,52.89,3297.5
-115.29,52.88,3298.2
-115.34,52.87,3298.9
-115.38,52.86,3299.7
-115.42,52.85,3300.4
-115.46,52.84,3301.1
-115.5,52.83,3301.8
-115.54,52.82,3302.6
-115.58,52.81,3303.3
-115.62,52.8,3304
-115.66,52.79,3304.7
-115.7,52.78,3305.5
-115.74,52.77,3306.2
-115.79,52.77,3306.9
-115.83,52.76,3307.7
-115.87,52.75,3308.4
-115.91,52.74,3309.2
-115.95,52.73,3309.9
-115.99,52.72,3310.6
-116.03,52.71,3311.4
-116.07,52.7,3312.1
-116.11,52.69,3312.9
-116.15,52.68,3313.6
-116.19,52.67,3314.4
-116.23,52.66,3315.1
-116.27,52.65,3315.9
-116.31,52.64,3316.6
-116.35,52.63,3317.4
-116.39,52.62,3318.1
-116.43,52.61,3318.9
-116.47,52.6,3319.6
-116.51,52.59,3320.4
-116.55,52.58,3321.1
-116.59,52.57,3321.9
-116.63,52.56,3322.7
-116.67,52.55,3323.4
-116.71,52.54,3324.2
-116.75,52.53,3324.9
-116.79,52.52,3325.7
-116.83,52.51,3326.5
-116.87,52.5,3327.2
-116.91,52.49,3328
-116.95,52.48,3328.8
-116.99,52.47,3329.5
-117.03,52.46,3330.3
-117.07,52.45,3331.1
-117.11,52.44,3331.9
-117.15,52.43,3332.7
-117.19,52.42,3333.4
-117.23,52.41,3334.2
-117.27,52.4,3335
-117.31,52.39,3335.8
-117.35,52.38,3336.5
-117.39,52.37,3337.3
-117.43,52.36,3338.1
-117.47,52.35,3338.9
-117.51,52.34,3339.7
-117.55,52.32,3340.5
-117.59,52.31,3341.3
-117.63,52.3,3342
-117.67,52.29,3342.8
-117.71,52.28,3343.7
-117.75,52.27,3344.4
-117.79,52.26,3345.2
-117.82,52.25,3346
-117.86,52.24,3346.8
-117.9,52.23,3347.6
-117.94,52.22,3348.4
-117.98,52.21,3349.2
-118.02,52.2,3350
-118.06,52.19,3350.8
-118.1,52.18,3351.6
-118.14,52.17,3352.4
-118.18,52.16,3353.3
-118.22,52.15,3354.1
-118.25,52.14,3354.9
-118.29,52.13,3355.7
-118.33,52.12,3356.5
-118.37,52.11,3357.3
-118.41,52.1,3358.1
-118.45,52.09,3358.9
-118.49,52.08,3359.8
-118.53,52.07,3360.6
-118.57,52.06,3361.4
-118.6,52.04,3362.2
-118.64,52.03,3363
-118.68,52.02,3363.9
-118.72,52.01,3364.7
-118.76,52,3365.5
-118.8,51.99,3366.3
-118.84,51.98,3367.1
-118.87,51.97,3368
-118.91,51.96,3368.8
-118.95,51.95,3369.6
-118.99,51.94,3370.5
-119.03,51.93,3371.3
-119.07,51.92,3372.1
-119.1,51.91,3373
-119.14,51.9,3373.8
-119.18,51.89,3374.7
-119.22,51.88,3375.5
-119.26,51.86,3376.3
-119.3,51.85,3377.2
-119.33,51.84,3378
-119.37,51.83,3378.9
-119.41,51.82,3379.7
-119.45,51.81,3380.6
-119.49,51.8,3381.4
-119.52,51.79,3382.2
-119.56,51.78,3383.1
-119.6,51.77,3384
-119.64,51.76,3384.8
-119.68,51.75,3385.7
-119.71,51.74,3386.5
-119.75,51.73,3387.4
-119.79,51.71,3388.2
-119.83,51.7,3389.1
-119.87,51.69,3390
-119.9,51.68,3390.8
-119.94,51.67,3391.7
-119.98,51.66,3392.5
-120.02,51.65,3393.4
-120.05,51.64,3394.3
-120.09,51.63,3395.1
-120.13,51.62,3396
-120.17,51.61,3396.9
-120.2,51.6,3397.7
-120.24,51.58,3398.6
-120.28,51.57,3399.5
-120.32,51.56,3400.4
-120.35,51.55,3401.2
-120.39,51.54,3402.1
-120.43,51.53,3403
-120.47,51.52,3403.9
-120.5,51.51,3404.7
-120.54,51.5,3405.6
-120.58,51.49,3406.5
-120.61,51.47,3407.4
-120.65,51.46,3408.3
-120.69,51.45,3409.2
-120.73,51.44,3410.1
-120.76,51.43,3410.9
-120.8,51.42,3411.8
-120.84,51.41,3412.7
-120.87,51.4,3413.6
-120.91,51.39,3414.5
-120.95,51.38,3415.4
-120.98,51.36,3416.3
-121.02,51.35,3417.2
-121.06,51.34,3418.1
-121.1,51.33,3419
-121.13,51.32,3419.9
-121.17,51.31,3420.8
-121.21,51.3,3421.7
-121.24,51.29,3422.6
-121.28,51.28,3423.5
-121.32,51.26,3424.4
-121.35,51.25,3425.3
-121.39,51.24,3426.2
-121.43,51.23,3427.1
-121.46,51.22,3428
-121.5,51.21,3429
-121.53,51.2,3429.8
-121.57,51.19,3430.8
-121.61,51.18,3431.7
-121.64,51.16,3432.6
-121.68,51.15,3433.5
-121.72,51.14,3434.4
-121.75,51.13,3435.3
-121.79,51.12,3436.3
-121.83,51.11,3437.2
-121.86,51.1,3438.1
-121.9,51.09,3439
-121.93,51.07,3440
-121.97,51.06,3440.9
-122.01,51.05,3441.8
-122.04,51.04,3442.7
-122.08,51.03,3443.7
-122.11,51.02,3444.6
-122.15,51.01,3445.5
-122.19,50.99,3446.5
-122.22,50.98,3447.4
-122.26,50.97,3448.3
-122.29,50.96,3449.3
-122.33,50.95,3450.2
-122.37,50.94,3451.2
-122.4,50.93,3452.1
-122.44,50.92,3453
-122.47,50.9,3454
-122.51,50.89,3454.9
-122.54,50.88,3455.9
-122.58,50.87,3456.8
-122.62,50.86,3457.8
-122.65,50.85,3458.7
-122.69,50.84,3459.7
-122.72,50.82,3460.6
-122.76,50.81,3461.6
-122.79,50.8,3462.5
-122.83,50.79,3463.4
-122.86,50.78,3464.4
-122.9,50.77,3465.4
-122.93,50.76,3466.3
-122.97,50.74,3467.3
-123.01,50.73,3468.2
-123.04,50.72,3469.2
-123.08,50.71,3470.2
-123.11,50.7,3471.1
-123.15,50.69,3472.1
-123.18,50.67,3473.1
-123.22,50.66,3474
-123.25,50.65,3475
-123.29,50.64,3475.9
-123.32,50.63,3476.9
-123.36,50.62,3477.9
-123.39,50.61,3478.9
-123.43,50.59,3479.8
-123.46,50.58,3480.8
-123.5,50.57,3481.8
-123.53,50.56,3482.8
-123.57,50.55,3483.7
-123.6,50.54,3484.7
-123.64,50.52,3485.7
-123.67,50.51,3486.7
-123.71,50.5,3487.7
-123.74,50.49,3488.7
-123.78,50.48,3489.6
-123.81,50.47,3490.6
-123.84,50.45,3491.6
-123.88,50.44,3492.6
-123.91,50.43,3493.6
-123.95,50.42,3494.6
-123.98,50.41,3495.5
-124.02,50.4,3496.5
-124.05,50.38,3497.5
-124.09,50.37,3498.5
-124.12,50.36,3499.5
-124.15,50.35,3500.5
-124.19,50.34,3501.5
-124.22,50.33,3502.5
-124.26,50.31,3503.5
-124.29,50.3,3504.5
-124.33,50.29,3505.5
-124.36,50.28,3506.5
-124.39,50.27,3507.5
-124.43,50.26,3508.5
-124.46,50.24,3509.5
-124.5,50.23,3510.5
-124.53,50.22,3511.6
-124.57,50.21,3512.6
-124.6,50.2,3513.6
-124.63,50.19,3514.6
-124.67,50.17,3515.6
-124.7,50.16,3516.6
-124.73,50.15,3517.6
-124.77,50.14,3518.7
-124.8,50.13,3519.7
-124.84,50.11,3520.7
-124.87,50.1,3521.7
-124.9,50.09,3522.7
-124.94,50.08,3523.8
-124.97,50.07,3524.8
-125.01,50.05,3525.8
-125.04,50.04,3526.8
-125.07,50.03,3527.9
-125.11,50.02,3528.9
-125.14,50.01,3529.9
-125.17,50,3530.9
-125.21,49.98,3532
-125.24,49.97,3533
-125.27,49.96,3534
-125.31,49.95,3535.1
-125.34,49.94,3536.1
-125.37,49.92,3537.1
-125.41,49.91,3538.2
-125.44,49.9,3539.2
-125.47,49.89,3540.3
-125.51,49.88,3541.3
-125.54,49.86,3542.3
-125.57,49.85,3543.4
-125.61,49.84,3544.4
-125.64,49.83,3545.5
-125.67,49.82,3546.5
-125.71,49.8,3547.5
-125.74,49.79,3548.6
-125.77,49.78,3549.6
-125.81,49.77,3550.7
-125.84,49.76,3551.8
-125.87,49.74,3552.8
-125.9,49.73,3553.9
-125.94,49.72,3554.9
-125.97,49.71,3556
-126,49.7,3557
-126.04,49.68,3558.1
-126.07,49.67,3559.1
-126.1,49.66,3560.2
-126.13,49.65,3561.3
-126.17,49.64,3562.3
-126.2,49.62,3563.4
-126.23,49.61,3564.5
-126.26,49.6,3565.5
-126.3,49.59,3566.6
-126.33,49.58,3567.6
-126.36,49.56,3568.7
-126.39,49.55,3569.8
-126.43,49.54,3570.9
-126.46,49.53,3571.9
-126.49,49.52,3573
-126.52,49.5,3574.1
-126.56,49.49,3575.2
-126.59,49.48,3576.2
-126.62,49.47,3577.3
-126.65,49.46,3578.4
-126.69,49.44,3579.5
-126.72,49.43,3580.5
-126.75,49.42,3581.6
-126.78,49.41,3582.7
-126.82,49.39,3583.8
-126.85,49.38,3584.9
-126.88,49.37,3586
-126.91,49.36,3587.1
-126.94,49.35,3588.1
-126.98,49.33,3589.2
-127.01,49.32,3590.3
-127.04,49.31,3591.4
-127.07,49.3,3592.5
-127.1,49.29,3593.6
-127.14,49.27,3594.7
-127.17,49.26,3595.8
-127.2,49.25,3596.9
-127.23,49.24,3598
-127.26,49.22,3599.1
-127.29,49.21,3600.2
-127.33,49.2,3601.3
-127.36,49.19,3602.4
-127.39,49.18,3603.5
-127.42,49.16,3604.6
-127.45,49.15,3605.7
-127.48,49.14,3606.8
-127.52,49.13,3607.9
-127.55,49.11,3609
-127.58,49.1,3610.1
-127.61,49.09,3611.2
-127.64,49.08,3612.3
-127.67,49.07,3613.5
-127.71,49.05,3614.6
-127.74,49.04,3615.7
-127.77,49.03,3616.8
-127.8,49.02,3617.9
-127.83,49,3619
-127.86,48.99,3620.2
-127.89,48.98,3621.3
-127.92,48.97,3622.4
-127.96,48.95,3623.5
-127.99,48.94,3624.6
-128.02,48.93,3625.8
-128.05,48.92,3626.9
-128.08,48.91,3628
-128.11,48.89,3629.1
-128.14,48.88,3630.3
-128.17,48.87,3631.4
-128.2,48.86,3632.5
-128.24,48.84,3633.7
-128.27,48.83,3634.8
-128.3,48.82,3635.9
-128.33,48.81,3637.1
-128.36,48.79,3638.2
-128.39,48.78,3639.3
-128.42,48.77,3640.5
-128.45,48.76,3641.6
-128.48,48.75,3642.7
-128.51,48.73,3643.9
-128.54,48.72,3645
-128.57,48.71,3646.2
-128.61,48.7,3647.3
-128.64,48.68,3648.5
-128.67,48.67,3649.6
-128.7,48.66,3650.8
-128.73,48.65,3651.9
-128.76,48.63,3653.1
-128.79,48.62,3654.2
-128.82,48.61,3655.3
-128.85,48.6,3656.5
-128.88,48.58,3657.7
-128.91,48.57,3658.8
-128.94,48.56,3660
-128.97,48.55,3661.1
-129,48.53,3662.3
-129.03,48.52,3663.4
-129.06,48.51,3664.6
-129.09,48.5,3665.8
-129.12,48.49,3666.9
-129.15,48.47,3668.1
-129.18,48.46,3669.2
-129.21,48.45,3670.4
-129.24,48.44,3671.6
-129.27,48.42,3672.7
-129.3,48.41,3673.9
-129.33,48.4,3675.1
-129.36,48.39,3676.3
-129.39,48.37,3677.4
-129.42,48.36,3678.6
-129.45,48.35,3679.8
-129.48,48.34,3680.9
-129.51,48.32,3682.1
-129.54,48.31,3683.3
-129.57,48.3,3684.5
-129.6,48.29,3685.6
-129.63,48.27,3686.8
-129.66,48.26,3688
-129.69,48.25,3689.2
-129.72,48.24,3690.4
-129.75,48.22,3691.5
-129.78,48.21,3692.7
-129.81,48.2,3693.9
-129.84,48.19,3695.1
-129.87,48.17,3696.3
-129.9,48.16,3697.5
-129.93,48.15,3698.7
-129.96,48.14,3699.9
-129.99,48.12,3701
-130.02,48.11,3702.2
-130.05,48.1,3703.4
-130.08,48.09,3704.6
-130.11,48.07,3705.8
-130.13,48.06,3707
-130.16,48.05,3708.2
-130.19,48.04,3709.4
-130.22,48.02,3710.6
-130.25,48.01,3711.8
-130.28,48,3713
-130.31,47.99,3714.2
-130.34,47.97,3715.4
-130.37,47.96,3716.6
-130.4,47.95,3717.8
-130.43,47.94,3719
-130.46,47.92,3720.2
-130.49,47.91,3721.4
-130.51,47.9,3722.6
-130.54,47.89,3723.9
-130.57,47.87,3725.1
-130.6,47.86,3726.3
-130.63,47.85,3727.5
-130.66,47.84,3728.7
-130.69,47.82,3729.9
-130.72,47.81,3731.1
-130.75,47.8,3732.4
-130.77,47.78,3733.6
-130.8,47.77,3734.8
-130.83,47.76,3736
-130.86,47.75,3737.3
-130.89,47.73,3738.5
-130.92,47.72,3739.7
-130.95,47.71,3740.9
-130.98,47.7,3742.1
-131,47.68,3743.4
-131.03,47.67,3744.6
-131.06,47.66,3745.8
-131.09,47.65,3747
-131.12,47.63,3748.3
-131.15,47.62,3749.5
-131.18,47.61,3750.7
-131.2,47.6,3752
-131.23,47.58,3753.2
-131.26,47.57,3754.4
-131.29,47.56,3755.7
-131.32,47.55,3756.9
-131.35,47.53,3758.1
-131.37,47.52,3759.4
-131.4,47.51,3760.6
-131.43,47.49,3761.9
-131.46,47.48,3763.1
-131.49,47.47,3764.4
-131.51,47.46,3765.6
-131.54,47.44,3766.9
-131.57,47.43,3768.1
-131.6,47.42,3769.3
-131.63,47.41,3770.6
-131.66,47.39,3771.8
-131.68,47.38,3773.1
-131.71,47.37,3774.3
-131.74,47.36,3775.6
-131.77,47.34,3776.8
-131.8,47.33,3778.1
-131.82,47.32,3779.4
-131.85,47.31,3780.6
-131.88,47.29,3781.9
-131.91,47.28,3783.1
-131.93,47.27,3784.4
-131.96,47.25,3785.6
-131.99,47.24,3786.9
-132.02,47.23,3788.1
-132.05,47.22,3789.4
-132.07,47.2,3790.7
-132.1,47.19,3791.9
-132.13,47.18,3793.2
-132.16,47.17,3794.5
-132.18,47.15,3795.7
-132.21,47.14,3797
-132.24,47.13,3798.3
-132.27,47.12,3799.5
-132.29,47.1,3800.8
-132.32,47.09,3802.1
-132.35,47.08,3803.3
-132.38,47.06,3804.6
-132.4,47.05,3805.9
-132.43,47.04,3807.2
-132.46,47.03,3808.5
-132.49,47.01,3809.7
-132.51,47,3811
-132.54,46.99,3812.3
-132.57,46.98,3813.6
-132.59,46.96,3814.8
-132.62,46.95,3816.1
-132.65,46.94,3817.4
-132.68,46.92,3818.7
-132.7,46.91,3820
-132.73,46.9,3821.3
-132.76,46.89,3822.6
-132.78,46.87,3823.8
-132.81,46.86,3825.1
-132.84,46.85,3826.4
-132.87,46.84,3827.7
-132.89,46.82,3829
-132.92,46.81,3830.3
-132.95,46.8,3831.6
-132.97,46.79,3832.9
-133,46.77,3834.2
-133.03,46.76,3835.5
-133.05,46.75,3836.8
-133.08,46.73,3838.1
-133.11,46.72,3839.4
-133.13,46.71,3840.7
-133.16,46.7,3842
-133.19,46.68,3843.3
-133.21,46.67,3844.6
-133.24,46.66,3845.9
-133.27,46.65,3847.2
-133.29,46.63,3848.5
-133.32,46.62,3849.8
-133.35,46.61,3851.1
-133.37,46.59,3852.4
-133.4,46.58,3853.7
-133.43,46.57,3855.1
-133.45,46.56,3856.4
-133.48,46.54,3857.7
-133.51,46.53,3859
-133.53,46.52,3860.3
-133.56,46.51,3861.6
-133.59,46.49,3862.9
-133.61,46.48,3864.3
-133.64,46.47,3865.6
-133.66,46.45,3866.9
-133.69,46.44,3868.2
-133.72,46.43,3869.5
-133.74,46.42,3870.9
-133.77,46.4,3872.2
-133.8,46.39,3873.5
-133.82,46.38,3874.8
-133.85,46.36,3876.2
-133.87,46.35,3877.5
-133.9,46.34,3878.8
-133.93,46.33,3880.2
-133.95,46.31,3881.5
-133.98,46.3,3882.8
-134,46.29,3884.1
-134.03,46.28,3885.5
-134.06,46.26,3886.8
-134.08,46.25,3888.2
-134.11,46.24,3889.5
-134.13,46.22,3890.8
-134.16,46.21,3892.1
-134.19,46.2,3893.5
-134.21,46.19,3894.8
-134.24,46.17,3896.2
-134.26,46.16,3897.5
-134.29,46.15,3898.9
-134.32,46.14,3900.2
-134.34,46.12,3901.5
-134.37,46.11,3902.9
-134.39,46.1,3904.2
-134.42,46.08,3905.6
-134.44,46.07,3906.9
-134.47,46.06,3908.3
-134.49,46.05,3909.6
-134.52,46.03,3911
-134.55,46.02,3912.3
-134.57,46.01,3913.7
-134.6,46,3915
-134.62,45.98,3916.4
-134.65,45.97,3917.7
-134.67,45.96,3919.1
-134.7,45.94,3920.4
-134.72,45.93,3921.8
-134.75,45.92,3923.1
-134.77,45.91,3924.5
-134.8,45.89,3925.9
-134.83,45.88,3927.2
-134.85,45.87,3928.6
-134.88,45.85,3930
-134.9,45.84,3931.3
-134.93,45.83,3932.7
-134.95,45.82,3934.1
-134.98,45.8,3935.4
-135,45.79,3936.8
-135.03,45.78,3938.1
-135.05,45.77,3939.5
-135.08,45.75,3940.9
-135.1,45.74,3942.3
-135.13,45.73,3943.6
-135.15,45.71,3945
-135.18,45.7,3946.4
-135.2,45.69,3947.7
-135.23,45.68,3949.1
-135.25,45.66,3950.5
-135.28,45.65,3951.9
-135.3,45.64,3953.3
-135.33,45.63,3954.6
-135.35,45.61,3956
-135.38,45.6,3957.4
-135.4,45.59,3958.8
-135.43,45.57,3960.2
-135.45,45.56,3961.6
-135.48,45.55,3962.9
-135.5,45.54,3964.3
-135.52,45.52,3965.7
-135.55,45.51,3967.1
-135.57,45.5,3968.5
-135.6,45.48,3969.9
-135.62,45.47,3971.3
-135.65,45.46,3972.7
-135.67,45.45,3974
-135.7,45.43,3975.4
-135.72,45.42,3976.8
-135.75,45.41,3978.2
-135.77,45.4,3979.6
-135.79,45.38,3981
-135.82,45.37,3982.4
-135.84,45.36,3983.8
-135.87,45.34,3985.2
-135.89,45.33,3986.6
-135.92,45.32,3988
-135.94,45.31,3989.4
-135.97,45.29,3990.8
-135.99,45.28,3992.2
-136.01,45.27,3993.6
-136.04,45.26,3995
-136.06,45.24,3996.4
-136.09,45.23,3997.8
-136.11,45.22,3999.2
-136.14,45.2,4000.7
-136.16,45.19,4002.1
-136.18,45.18,4003.5
-136.21,45.17,4004.9
-136.23,45.15,4006.3
-136.26,45.14,4007.7
-136.28,45.13,4009.1
-136.3,45.11,4010.5
-136.33,45.1,4011.9
-136.35,45.09,4013.4
-136.38,45.08,4014.8
-136.4,45.06,4016.2
-136.42,45.05,4017.6
-136.45,45.04,4019.1
-136.47,45.03,4020.4
-136.5,45.01,4021.9
-136.52,45,4023.3
-136.54,44.99,4024.7
-136.57,44.97,4026.2
-136.59,44.96,4027.6
-136.61,44.95,4029
-136.64,44.94,4030.4
-136.66,44.92,4031.9
-136.69,44.91,4033.3
-136.71,44.9,4034.7
-136.73,44.89,4036.2
-136.76,44.87,4037.6
-136.78,44.86,4039
-136.8,44.85,4040.4
-136.83,44.83,4041.9
-136.85,44.82,4043.3
-136.87,44.81,4044.7
-136.9,44.8,4046.2
-136.92,44.78,4047.6
-136.94,44.77,4049
-136.97,44.76,4050.5
-136.99,44.75,4051.9
-137.01,44.73,4053.4
-137.04,44.72,4054.8
-137.06,44.71,4056.3
-137.08,44.69,4057.7
-137.11,44.68,4059.2
-137.13,44.67,4060.6
-137.15,44.66,4062
-137.18,44.64,4063.5
-137.2,44.63,4064.9
-137.22,44.62,4066.4
-137.25,44.61,4067.8
-137.27,44.59,4069.3
-137.29,44.58,4070.7
-137.32,44.57,4072.2
-137.34,44.55,4073.6
-137.36,44.54,4075.1
-137.39,44.53,4076.5
-137.41,44.52,4078
-137.43,44.5,4079.4
-137.46,44.49,4080.9
-137.48,44.48,4082.4
-137.5,44.47,4083.8
-137.52,44.45,4085.3
-137.55,44.44,4086.7
-137.57,44.43,4088.2
-137.59,44.41,4089.7
-137.62,44.4,4091.1
-137.64,44.39,4092.6
-137.66,44.38,4094
-137.68,44.36,4095.5
-137.71,44.35,4097
-137.73,44.34,4098.5
-137.75,44.33,4099.9
-137.78,44.31,4101.4
-137.8,44.3,4102.9
-137.82,44.29,4104.3
-137.84,44.27,4105.8
-137.87,44.26,4107.3
-137.89,44.25,4108.8
-137.91,44.24,4110.2
-137.93,44.22,4111.7
-137.96,44.21,4113.2
-137.98,44.2,4114.6
-138,44.19,4116.1
-138.02,44.17,4117.6
-138.05,44.16,4119.1
-138.07,44.15,4120.6
-138.09,44.14,4122
-138.11,44.12,4123.5
-138.14,44.11,4125
-138.16,44.1,4126.5
-138.18,44.08,4128
-138.2,44.07,4129.5
-138.23,44.06,4130.9
-138.25,44.05,4132.4
-138.27,44.03,4133.9
-138.29,44.02,4135.4
-138.32,44.01,4136.9
-138.34,44,4138.4
-138.36,43.98,4139.9
-138.38,43.97,4141.4
-138.4,43.96,4142.9
-138.43,43.95,4144.4
-138.45,43.93,4145.8
-138.47,43.92,4147.3
-138.49,43.91,4148.8
-138.52,43.89,4150.3
-138.54,43.88,4151.8
-138.56,43.87,4153.3
-138.58,43.86,4154.8
-138.6,43.84,4156.3
-138.63,43.83,4157.8
-138.65,43.82,4159.3
-138.67,43.81,4160.8
-138.69,43.79,4162.3
-138.71,43.78,4163.8
-138.74,43.77,4165.3
-138.76,43.76,4166.8
-138.78,43.74,4168.3
-138.8,43.73,4169.8
-138.82,43.72,4171.3
-138.84,43.7,4172.8
-138.87,43.69,4174.4
-138.89,43.68,4175.9
-138.91,43.67,4177.4
-138.93,43.65,4178.9
-138.95,43.64,4180.4
-138.98,43.63,4181.9
-139,43.62,4183.5
-139.02,43.6,4184.9
-139.04,43.59,4186.5
-139.06,43.58,4188
-139.08,43.57,4189.5
-139.11,43.55,4191
-139.13,43.54,4192.5
-139.15,43.53,4194.1
-139.17,43.52,4195.6
-139.19,43.5,4197.1
-139.21,43.49,4198.6
-139.23,43.48,4200.2
-139.26,43.46,4201.7
-139.28,43.45,4203.2
-139.3,43.44,4204.7
-139.32,43.43,4206.2
-139.34,43.41,4207.8
-139.36,43.4,4209.3
-139.38,43.39,4210.8
-139.41,43.38,4212.4
-139.43,43.36,4213.9
-139.45,43.35,4215.4
-139.47,43.34,4216.9
-139.49,43.33,4218.5
-139.51,43.31,4220
-139.53,43.3,4221.5
-139.55,43.29,4223.1
-139.58,43.28,4224.6
-139.6,43.26,4226.2
-139.62,43.25,4227.7
-139.64,43.24,4229.2
-139.66,43.23,4230.8
-139.68,43.21,4232.3
-139.7,43.2,4233.8
-139.72,43.19,4235.4
-139.74,43.18,4236.9
-139.77,43.16,4238.5
-139.79,43.15,4240
-139.81,43.14,4241.6
-139.83,43.13,4243.1
-139.85,43.11,4244.7
-139.87,43.1,4246.2
-139.89,43.09,4247.8
-139.91,43.08,4249.3
-139.93,43.06,4250.8
-139.95,43.05,4252.4
-139.97,43.04,4253.9
-140,43.02,4255.5
-140.02,43.01,4257
-140.04,43,4258.6
-140.06,42.99,4260.1
-140.08,42.97,4261.7
-140.1,42.96,4263.3
-140.12,42.95,4264.8
-140.14,42.94,4266.4
-140.16,42.92,4267.9
-140.18,42.91,4269.5
-140.2,42.9,4271
-140.22,42.89,4272.6
-140.24,42.87,4274.2
-140.27,42.86,4275.7
-140.29,42.85,4277.3
-140.31,42.84,4278.9
-140.33,42.82,4280.4
-140.35,42.81,4282
-140.37,42.8,4283.6
-140.39,42.79,4285.1
-140.41,42.77,4286.7
-140.43,42.76,4288.3
-140.45,42.75,4289.8
-140.47,42.74,4291.4
-140.49,42.72,4293
-140.51,42.71,4294.5
-140.53,42.7,4296.1
-140.55,42.69,4297.7
-140.57,42.67,4299.2
-140.59,42.66,4300.8
-140.61,42.65,4302.4
-140.63,42.64,4304
-140.65,42.62,4305.6
-140.67,42.61,4307.1
-140.69,42.6,4308.7
-140.71,42.59,4310.3
-140.73,42.57,4311.9
-140.75,42.56,4313.5
-140.77,42.55,4315
-140.79,42.54,4316.6
-140.82,42.52,4318.2
-140.84,42.51,4319.8
-140.86,42.5,4321.4
-140.88,42.49,4322.9
-140.9,42.47,4324.5
-140.92,42.46,4326.1
-140.94,42.45,4327.7
-140.96,42.44,4329.3
-140.98,42.43,4330.9
-141,42.41,4332.5
-141.02,42.4,4334.1
-141.04,42.39,4335.6
-141.06,42.38,4337.2
-141.08,42.36,4338.8
-141.1,42.35,4340.4
-141.12,42.34,4342
-141.14,42.33,4343.6
