105.9,26.417,1783.2
105.86,26.423,1782.4
105.82,26.43,1781.6
105.78,26.436,1780.8
105.74,26.442,1780
105.7,26.448,1779.2
105.66,26.454,1778.4
105.62,26.46,1777.6
105.58,26.466,1776.8
105.54,26.472,1776.1
105.5,26.478,1775.2
105.46,26.485,1774.5
105.42,26.49,1773.7
105.38,26.497,1772.9
105.34,26.503,1772.1
105.3,26.509,1771.3
105.27,26.515,1770.6
105.23,26.521,1769.8
105.19,26.527,1769
105.15,26.533,1768.2
105.11,26.539,1767.5
105.07,26.545,1766.7
105.03,26.551,1765.9
104.99,26.557,1765.2
104.95,26.562,1764.4
104.91,26.568,1763.6
104.87,26.574,1762.9
104.83,26.58,1762.1
104.79,26.586,1761.4
104.75,26.592,1760.6
104.71,26.598,1759.8
104.67,26.604,1759.1
104.63,26.61,1758.3
104.59,26.616,1757.6
104.55,26.621,1756.8
104.51,26.627,1756.1
104.47,26.633,1755.3
104.43,26.639,1754.6
104.39,26.645,1753.9
104.35,26.651,1753.1
104.31,26.656,1752.4
104.27,26.662,1751.6
104.23,26.668,1750.9
104.19,26.673,1750.2
104.15,26.679,1749.5
104.11,26.685,1748.7
104.07,26.691,1748
104.03,26.696,1747.3
103.98,26.702,1746.5
103.94,26.708,1745.8
103.9,26.714,1745.1
103.86,26.719,1744.4
103.82,26.725,1743.7
103.78,26.731,1742.9
103.74,26.737,1742.2
103.7,26.742,1741.5
103.66,26.748,1740.8
103.62,26.753,1740.1
103.58,26.759,1739.4
103.54,26.765,1738.7
103.5,26.77,1738
103.46,26.776,1737.3
103.42,26.781,1736.6
103.38,26.787,1735.9
103.34,26.792,1735.2
103.3,26.798,1734.5
103.26,26.804,1733.8
103.22,26.809,1733.1
103.18,26.815,1732.4
103.14,26.82,1731.7
103.09,26.826,1731
103.05,26.831,1730.4
103.01,26.837,1729.7
102.97,26.842,1729
102.93,26.848,1728.3
102.89,26.853,1727.6
102.85,26.859,1727
102.81,26.864,1726.3
102.77,26.869,1725.6
102.73,26.875,1724.9
102.69,26.88,1724.3
102.65,26.886,1723.6
102.61,26.891,1722.9
102.56,26.897,1722.3
102.52,26.902,1721.6
102.48,26.907,1720.9
102.44,26.912,1720.3
102.4,26.918,1719.7
102.36,26.923,1719
102.32,26.929,1718.3
102.28,26.934,1717.7
102.24,26.939,1717
102.2,26.944,1716.4
102.16,26.95,1715.7
102.11,26.955,1715.1
102.07,26.96,1714.5
102.03,26.966,1713.8
101.99,26.971,1713.2
101.95,26.976,1712.5
101.91,26.981,1711.9
101.87,26.986,1711.3
101.83,26.992,1710.6
101.78,26.997,1710
101.74,27.002,1709.4
101.7,27.007,1708.7
101.66,27.012,1708.1
101.62,27.017,1707.5
101.58,27.022,1706.9
101.54,27.028,1706.3
101.5,27.033,1705.6
101.45,27.038,1705
101.41,27.043,1704.4
101.37,27.048,1703.8
101.33,27.053,1703.2
101.29,27.058,1702.6
101.25,27.063,1702
101.21,27.068,1701.4
101.17,27.073,1700.7
101.12,27.078,1700.1
101.08,27.083,1699.5
101.04,27.088,1699
101,27.093,1698.4
100.96,27.098,1697.8
100.92,27.103,1697.2
100.88,27.108,1696.6
100.83,27.113,1696
100.79,27.118,1695.4
100.75,27.123,1694.8
100.71,27.128,1694.2
100.67,27.133,1693.6
100.63,27.138,1693.1
100.58,27.142,1692.5
100.54,27.147,1691.9
100.5,27.152,1691.3
100.46,27.157,1690.8
100.42,27.162,1690.2
100.38,27.167,1689.6
100.33,27.171,1689
100.29,27.176,1688.5
100.25,27.181,1687.9
100.21,27.186,1687.3
100.17,27.191,1686.8
100.13,27.195,1686.2
100.08,27.2,1685.7
100.04,27.205,1685.1
100,27.209,1684.6
99.958,27.214,1684
99.916,27.219,1683.5
99.875,27.223,1682.9
99.833,27.228,1682.4
99.791,27.233,1681.8
99.749,27.238,1681.3
99.707,27.242,1680.7
99.665,27.247,1680.2
99.623,27.251,1679.7
99.581,27.256,1679.1
99.539,27.26,1678.6
99.497,27.265,1678.1
99.455,27.27,1677.5
99.413,27.274,1677
99.371,27.279,1676.5
99.329,27.283,1675.9
99.287,27.288,1675.4
99.245,27.292,1674.9
99.203,27.297,1674.4
99.16,27.301,1673.9
99.118,27.306,1673.3
99.076,27.31,1672.8
99.034,27.315,1672.3
98.992,27.319,1671.8
98.95,27.323,1671.3
98.908,27.328,1670.8
98.865,27.332,1670.3
98.823,27.337,1669.8
98.781,27.341,1669.3
98.739,27.346,1668.8
98.697,27.35,1668.3
98.654,27.354,1667.8
98.612,27.359,1667.3
98.57,27.363,1666.8
98.527,27.367,1666.3
98.485,27.371,1665.8
98.443,27.376,1665.3
98.401,27.38,1664.8
98.358,27.384,1664.4
98.316,27.389,1663.9
98.273,27.393,1663.4
98.231,27.397,1662.9
98.189,27.401,1662.5
98.146,27.406,1662
98.104,27.41,1661.5
98.061,27.414,1661
98.019,27.418,1660.5
97.977,27.422,1660.1
97.934,27.427,1659.6
97.891,27.431,1659.2
97.849,27.435,1658.7
97.807,27.439,1658.2
97.764,27.443,1657.8
97.721,27.447,1657.3
97.679,27.451,1656.9
97.636,27.455,1656.4
97.594,27.459,1656
97.551,27.463,1655.5
97.508,27.467,1655.1
97.466,27.471,1654.6
97.423,27.475,1654.2
97.381,27.479,1653.7
97.338,27.483,1653.3
97.295,27.487,1652.8
97.253,27.491,1652.4
97.21,27.495,1652
97.167,27.499,1651.5
97.124,27.503,1651.1
97.082,27.507,1650.7
97.039,27.511,1650.3
96.996,27.515,1649.9
96.954,27.519,1649.4
96.911,27.522,1649
96.868,27.526,1648.6
96.825,27.53,1648.2
96.783,27.534,1647.7
96.74,27.537,1647.3
96.697,27.541,1646.9
96.654,27.545,1646.5
96.611,27.549,1646.1
96.569,27.553,1645.7
96.526,27.556,1645.3
96.483,27.56,1644.9
96.44,27.564,1644.5
96.397,27.568,1644.1
96.354,27.571,1643.7
96.311,27.575,1643.3
96.268,27.579,1642.9
96.225,27.582,1642.5
96.182,27.586,1642.1
96.139,27.59,1641.7
96.096,27.593,1641.3
96.053,27.597,1640.9
96.01,27.6,1640.6
95.967,27.604,1640.2
95.924,27.608,1639.8
95.881,27.611,1639.4
95.838,27.615,1639
95.795,27.618,1638.7
95.752,27.622,1638.3
95.709,27.625,1637.9
95.666,27.629,1637.6
95.623,27.632,1637.2
95.58,27.636,1636.8
95.537,27.639,1636.5
95.494,27.643,1636.1
95.451,27.646,1635.7
95.407,27.649,1635.4
95.364,27.653,1635
95.321,27.656,1634.7
95.278,27.66,1634.3
95.235,27.663,1634
95.192,27.666,1633.6
95.148,27.67,1633.3
95.105,27.673,1632.9
95.062,27.676,1632.6
95.019,27.679,1632.2
94.976,27.683,1631.9
94.932,27.686,1631.6
94.889,27.689,1631.2
94.846,27.693,1630.9
94.803,27.696,1630.6
94.759,27.699,1630.3
94.716,27.702,1629.9
94.673,27.705,1629.6
94.629,27.709,1629.3
94.586,27.712,1629
94.543,27.715,1628.6
94.499,27.718,1628.3
94.456,27.721,1628
94.413,27.724,1627.7
94.369,27.728,1627.4
94.326,27.731,1627
94.283,27.734,1626.8
94.239,27.737,1626.5
94.196,27.74,1626.1
94.152,27.743,1625.8
94.109,27.746,1625.5
94.066,27.749,1625.2
94.022,27.752,1624.9
93.978,27.755,1624.6
93.935,27.758,1624.4
93.892,27.761,1624
93.848,27.764,1623.8
93.805,27.767,1623.5
93.761,27.77,1623.2
93.718,27.773,1622.9
93.674,27.776,1622.6
93.631,27.778,1622.3
93.587,27.781,1622
93.544,27.784,1621.8
93.5,27.787,1621.5
93.457,27.79,1621.2
93.413,27.793,1621
93.37,27.795,1620.7
93.326,27.798,1620.4
93.283,27.801,1620.2
93.239,27.804,1619.9
93.195,27.806,1619.6
93.152,27.809,1619.4
93.108,27.812,1619.1
93.065,27.815,1618.9
93.021,27.817,1618.6
92.977,27.82,1618.3
92.934,27.823,1618.1
92.89,27.826,1617.8
92.846,27.828,1617.6
92.803,27.831,1617.4
92.759,27.833,1617.1
92.716,27.836,1616.9
92.672,27.839,1616.6
92.628,27.841,1616.4
92.584,27.844,1616.2
92.541,27.846,1615.9
92.497,27.849,1615.7
92.453,27.851,1615.5
92.41,27.854,1615.2
92.366,27.856,1615
92.322,27.859,1614.8
92.278,27.861,1614.6
92.235,27.864,1614.3
92.191,27.866,1614.1
92.147,27.868,1613.9
92.104,27.871,1613.7
92.06,27.873,1613.5
92.016,27.876,1613.3
91.972,27.878,1613.1
91.928,27.88,1612.9
91.884,27.883,1612.6
91.841,27.885,1612.4
91.797,27.887,1612.2
91.753,27.89,1612
91.71,27.892,1611.8
91.665,27.894,1611.6
91.622,27.897,1611.4
91.578,27.899,1611.3
91.534,27.901,1611.1
91.49,27.903,1610.9
91.446,27.906,1610.7
91.403,27.908,1610.5
91.359,27.91,1610.3
91.315,27.912,1610.1
91.271,27.914,1610
91.227,27.917,1609.8
91.183,27.919,1609.6
91.139,27.921,1609.4
91.095,27.923,1609.2
91.051,27.925,1609.1
91.008,27.927,1608.9
90.963,27.929,1608.8
90.92,27.931,1608.6
90.876,27.933,1608.4
90.832,27.935,1608.3
90.788,27.937,1608.1
90.744,27.939,1607.9
90.7,27.941,1607.8
90.656,27.943,1607.6
90.612,27.945,1607.5
90.568,27.947,1607.3
90.524,27.949,1607.2
90.48,27.951,1607
90.437,27.952,1606.9
90.393,27.955,1606.8
90.348,27.956,1606.6
90.304,27.958,1606.5
90.261,27.96,1606.3
90.216,27.962,1606.2
90.172,27.964,1606.1
90.129,27.965,1606
90.085,27.967,1605.8
90.041,27.969,1605.7
89.996,27.971,1605.6
89.952,27.972,1605.5
89.909,27.974,1605.3
89.864,27.976,1605.2
89.82,27.978,1605.1
89.776,27.979,1605
89.732,27.981,1604.9
89.688,27.983,1604.8
89.644,27.984,1604.7
89.6,27.986,1604.5
89.556,27.987,1604.4
89.512,27.989,1604.3
89.468,27.99,1604.2
89.424,27.992,1604.1
89.38,27.994,1604
89.336,27.995,1603.9
89.292,27.997,1603.8
89.248,27.998,1603.7
89.204,28,1603.7
89.16,28.001,1603.6
89.116,28.003,1603.5
89.071,28.004,1603.4
89.027,28.006,1603.3
88.983,28.007,1603.2
88.939,28.009,1603.2
88.895,28.01,1603.1
88.851,28.011,1603
88.807,28.013,1602.9
88.763,28.014,1602.9
88.719,28.015,1602.8
88.675,28.017,1602.7
88.631,28.018,1602.6
88.586,28.019,1602.6
88.542,28.021,1602.5
88.498,28.022,1602.5
88.454,28.023,1602.4
88.41,28.025,1602.3
88.366,28.026,1602.3
88.322,28.027,1602.2
88.278,28.028,1602.2
88.233,28.029,1602.1
88.189,28.03,1602.1
88.145,28.032,1602
88.101,28.033,1602
88.057,28.034,1602
88.013,28.035,1601.9
87.968,28.036,1601.9
87.924,28.037,1601.8
87.88,28.038,1601.8
87.836,28.04,1601.8
87.792,28.041,1601.8
87.748,28.042,1601.7
87.704,28.043,1601.7
87.66,28.044,1601.7
87.616,28.045,1601.6
87.571,28.045,1601.6
87.527,28.047,1601.6
87.483,28.048,1601.6
87.439,28.049,1601.6
87.395,28.05,1601.6
87.35,28.05,1601.6
87.306,28.051,1601.5
87.262,28.052,1601.6
87.218,28.053,1601.5
87.174,28.054,1601.5
87.13,28.055,1601.5
87.086,28.056,1601.5
87.042,28.056,1601.5
86.997,28.057,1601.5
86.953,28.058,1601.5
86.909,28.059,1601.6
86.865,28.059,1601.6
86.821,28.06,1601.6
86.776,28.061,1601.6
86.732,28.062,1601.6
86.688,28.062,1601.6
86.644,28.063,1601.6
86.6,28.064,1601.7
86.556,28.064,1601.7
86.511,28.065,1601.7
86.467,28.066,1601.7
86.423,28.066,1601.8
86.379,28.067,1601.8
86.335,28.067,1601.8
86.291,28.068,1601.9
86.246,28.069,1601.9
86.202,28.069,1601.9
86.158,28.07,1602
86.114,28.07,1602
86.069,28.071,1602.1
86.026,28.071,1602.1
85.981,28.071,1602.2
85.937,28.072,1602.2
85.893,28.073,1602.3
85.849,28.073,1602.3
85.805,28.073,1602.4
85.761,28.074,1602.4
85.717,28.074,1602.5
85.672,28.075,1602.6
85.628,28.075,1602.6
85.584,28.075,1602.7
85.54,28.076,1602.7
85.495,28.076,1602.8
85.451,28.076,1602.9
85.407,28.077,1603
85.363,28.077,1603
85.319,28.077,1603.1
85.275,28.077,1603.2
85.231,28.078,1603.3
85.187,28.078,1603.4
85.143,28.078,1603.4
85.098,28.078,1603.5
85.054,28.078,1603.6
85.01,28.079,1603.7
84.966,28.079,1603.8
84.922,28.079,1603.9
84.878,28.079,1604
84.833,28.079,1604.1
84.789,28.079,1604.2
84.745,28.079,1604.3
84.701,28.079,1604.4
84.657,28.079,1604.5
84.613,28.08,1604.6
84.569,28.079,1604.7
84.525,28.079,1604.8
84.481,28.08,1604.9
84.436,28.079,1605
84.392,28.079,1605.2
84.348,28.079,1605.3
84.304,28.079,1605.4
84.26,28.079,1605.5
84.216,28.079,1605.6
84.172,28.079,1605.8
84.128,28.079,1605.9
84.084,28.079,1606
84.039,28.079,1606.2
83.995,28.079,1606.3
83.951,28.078,1606.4
83.907,28.078,1606.6
83.863,28.078,1606.7
83.819,28.078,1606.8
83.775,28.077,1607
83.731,28.077,1607.1
83.687,28.077,1607.3
83.643,28.077,1607.4
83.599,28.076,1607.6
83.555,28.076,1607.7
83.51,28.076,1607.9
83.467,28.075,1608
83.423,28.075,1608.2
83.379,28.075,1608.3
83.335,28.074,1608.5
83.291,28.074,1608.7
83.246,28.073,1608.8
83.202,28.073,1609
83.159,28.073,1609.2
83.115,28.072,1609.3
83.07,28.072,1609.5
83.026,28.071,1609.7
82.982,28.071,1609.9
82.938,28.07,1610
82.895,28.07,1610.2
82.85,28.069,1610.4
82.806,28.069,1610.6
82.762,28.068,1610.8
82.719,28.068,1611
82.675,28.067,1611.2
82.63,28.067,1611.3
82.586,28.066,1611.5
82.543,28.065,1611.7
82.499,28.064,1611.9
82.454,28.064,1612.1
82.411,28.063,1612.3
82.367,28.063,1612.5
82.323,28.062,1612.7
82.279,28.061,1612.9
82.235,28.06,1613.2
82.191,28.06,1613.4
82.147,28.059,1613.6
82.103,28.058,1613.8
82.059,28.057,1614
82.015,28.057,1614.2
81.971,28.056,1614.5
81.928,28.055,1614.7
81.884,28.054,1614.9
81.84,28.054,1615.1
81.796,28.053,1615.4
81.752,28.051,1615.6
81.708,28.051,1615.8
81.665,28.05,1616
81.621,28.049,1616.3
81.577,28.048,1616.5
81.533,28.047,1616.8
81.489,28.046,1617
81.445,28.045,1617.2
81.401,28.044,1617.5
81.357,28.043,1617.7
81.314,28.042,1618
81.27,28.041,1618.2
81.226,28.04,1618.5
81.183,28.039,1618.7
81.138,28.038,1619
81.095,28.037,1619.2
81.051,28.036,1619.5
81.007,28.035,1619.8
80.963,28.034,1620
80.92,28.032,1620.3
80.876,28.031,1620.6
80.832,28.03,1620.8
80.788,28.029,1621.1
80.745,28.028,1621.4
80.701,28.026,1621.6
80.657,28.025,1621.9
80.614,28.024,1622.2
80.57,28.023,1622.5
80.526,28.022,1622.8
80.482,28.02,1623
80.439,28.019,1623.3
80.395,28.018,1623.6
80.352,28.016,1623.9
80.308,28.015,1624.2
80.264,28.014,1624.5
80.22,28.012,1624.8
80.177,28.011,1625.1
80.133,28.01,1625.4
80.089,28.008,1625.7
80.046,28.007,1626
80.002,28.006,1626.3
79.959,28.004,1626.6
79.915,28.002,1626.9
79.872,28.001,1627.2
79.828,27.999,1627.5
79.784,27.998,1627.8
79.741,27.997,1628.2
79.697,27.995,1628.5
79.654,27.994,1628.8
79.61,27.992,1629.1
79.566,27.99,1629.4
79.523,27.989,1629.8
79.48,27.987,1630.1
79.436,27.986,1630.4
79.392,27.984,1630.7
79.349,27.983,1631.1
79.305,27.981,1631.4
79.262,27.979,1631.7
79.218,27.977,1632.1
79.175,27.976,1632.4
79.131,27.974,1632.8
79.088,27.972,1633.1
79.045,27.971,1633.5
79.001,27.969,1633.8
78.958,27.967,1634.2
78.914,27.965,1634.5
78.871,27.964,1634.9
78.828,27.962,1635.2
78.784,27.96,1635.6
78.741,27.958,1635.9
78.698,27.957,1636.3
78.654,27.955,1636.7
78.611,27.953,1637
78.568,27.951,1637.4
78.524,27.949,1637.7
78.481,27.947,1638.1
78.437,27.945,1638.5
78.394,27.943,1638.9
78.351,27.942,1639.2
78.308,27.939,1639.6
78.264,27.937,1640
78.221,27.935,1640.4
78.178,27.934,1640.8
78.134,27.932,1641.1
78.091,27.93,1641.5
78.048,27.927,1641.9
78.005,27.925,1642.3
77.961,27.923,1642.7
77.918,27.921,1643.1
77.875,27.919,1643.5
77.832,27.917,1643.9
77.789,27.915,1644.3
77.746,27.913,1644.7
77.702,27.911,1645.1
77.659,27.909,1645.5
77.616,27.907,1645.9
77.573,27.905,1646.3
77.53,27.902,1646.7
77.487,27.9,1647.1
77.444,27.898,1647.5
77.401,27.896,1647.9
77.358,27.894,1648.4
77.315,27.891,1648.8
77.272,27.889,1649.2
77.229,27.887,1649.6
77.185,27.884,1650.1
77.142,27.882,1650.5
77.099,27.88,1650.9
77.056,27.877,1651.3
77.014,27.875,1651.8
76.971,27.873,1652.2
76.927,27.87,1652.6
76.884,27.868,1653.1
76.842,27.865,1653.5
76.799,27.863,1653.9
76.756,27.861,1654.4
76.713,27.858,1654.8
76.67,27.856,1655.3
76.627,27.853,1655.7
76.584,27.851,1656.2
76.541,27.849,1656.6
76.498,27.846,1657.1
76.456,27.844,1657.6
76.412,27.841,1658
76.37,27.838,1658.5
76.327,27.836,1658.9
76.284,27.834,1659.4
76.241,27.831,1659.8
76.199,27.828,1660.3
76.156,27.826,1660.8
76.113,27.823,1661.3
76.07,27.821,1661.7
76.028,27.818,1662.2
75.985,27.815,1662.7
75.942,27.812,1663.2
75.899,27.81,1663.7
75.856,27.807,1664.1
75.814,27.804,1664.6
75.771,27.802,1665.1
75.729,27.799,1665.6
75.686,27.796,1666.1
75.644,27.794,1666.6
75.601,27.791,1667
75.558,27.788,1667.5
75.515,27.785,1668
75.473,27.783,1668.5
75.43,27.78,1669
75.388,27.777,1669.5
75.345,27.774,1670
75.303,27.771,1670.5
75.26,27.768,1671.1
75.218,27.766,1671.5
75.175,27.763,1672.1
75.133,27.76,1672.6
75.09,27.757,1673.1
75.048,27.754,1673.6
75.005,27.751,1674.1
74.963,27.748,1674.7
74.92,27.745,1675.2
74.878,27.742,1675.7
74.836,27.739,1676.2
74.793,27.736,1676.7
74.751,27.733,1677.3
74.708,27.73,1677.8
74.666,27.727,1678.3
74.624,27.724,1678.9
74.581,27.721,1679.4
74.539,27.718,1679.9
74.497,27.715,1680.5
74.455,27.712,1681
74.412,27.709,1681.5
74.37,27.706,1682.1
74.328,27.703,1682.6
74.285,27.699,1683.2
74.243,27.696,1683.8
74.201,27.693,1684.3
74.159,27.69,1684.8
74.116,27.687,1685.4
74.074,27.684,1686
74.032,27.68,1686.5
73.99,27.677,1687.1
73.948,27.674,1687.6
73.906,27.671,1688.2
