-144.68,21.58,1322.8
-144.65,21.59,1321.5
-144.62,21.6,1320.4
-144.58,21.62,1319
-144.55,21.63,1317.9
-144.52,21.64,1316.6
-144.49,21.66,1315.5
-144.45,21.67,1314.2
-144.42,21.68,1313.1
-144.39,21.7,1311.8
-144.36,21.71,1310.7
-144.32,21.73,1309.3
-144.29,21.74,1308.3
-144.26,21.75,1306.9
-144.23,21.76,1305.9
-144.19,21.78,1304.5
-144.16,21.79,1303.4
-144.13,21.81,1302.1
-144.1,21.82,1301
-144.06,21.83,1299.7
-144.03,21.84,1298.7
-144,21.86,1297.3
-143.97,21.87,1296.3
-143.93,21.89,1295
-143.9,21.9,1293.9
-143.87,21.91,1292.6
-143.84,21.93,1291.5
-143.8,21.94,1290.2
-143.77,21.95,1289.2
-143.73,21.97,1287.8
-143.7,21.98,1286.8
-143.67,21.99,1285.5
-143.64,22.01,1284.4
-143.6,22.02,1283.1
-143.57,22.03,1282.1
-143.54,22.05,1280.8
-143.51,22.06,1279.7
-143.47,22.07,1278.4
-143.44,22.09,1277.4
-143.4,22.1,1276.1
-143.37,22.11,1275
-143.34,22.13,1273.8
-143.31,22.14,1272.7
-143.27,22.16,1271.4
-143.24,22.17,1270.4
-143.2,22.18,1269.1
-143.17,22.19,1268.1
-143.14,22.21,1266.8
-143.11,22.22,1265.7
-143.07,22.24,1264.4
-143.04,22.25,1263.4
-143,22.26,1262.1
-142.97,22.28,1261.1
-142.94,22.29,1259.8
-142.9,22.3,1258.8
-142.87,22.32,1257.5
-142.84,22.33,1256.5
-142.8,22.34,1255.2
-142.77,22.36,1254.2
-142.73,22.37,1253
-142.7,22.38,1251.9
-142.67,22.4,1250.7
-142.63,22.41,1249.6
-142.6,22.42,1248.4
-142.57,22.44,1247.4
-142.53,22.45,1246.1
-142.5,22.46,1245.1
-142.46,22.48,1243.8
-142.43,22.49,1242.8
-142.39,22.51,1241.6
-142.36,22.52,1240.6
-142.33,22.53,1239.3
-142.29,22.54,1238.3
-142.26,22.56,1237.1
-142.23,22.57,1236.1
-142.19,22.59,1234.8
-142.16,22.6,1233.8
-142.12,22.61,1232.6
-142.09,22.63,1231.6
-142.05,22.64,1230.3
-142.02,22.65,1229.3
-141.98,22.67,1228.1
-141.95,22.68,1227.1
-141.91,22.69,1225.9
-141.88,22.71,1224.9
-141.85,22.72,1223.7
-141.81,22.73,1222.7
-141.78,22.75,1221.5
-141.75,22.76,1220.5
-141.71,22.78,1219.2
-141.68,22.79,1218.2
-141.64,22.8,1217
-141.61,22.81,1216
-141.57,22.83,1214.8
-141.54,22.84,1213.9
-141.5,22.86,1212.6
-141.47,22.87,1211.6
-141.43,22.88,1210.5
-141.4,22.9,1209.5
-141.36,22.91,1208.3
-141.33,22.92,1207.3
-141.29,22.94,1206.1
-141.26,22.95,1205.1
-141.22,22.96,1203.9
-141.19,22.98,1202.9
-141.15,22.99,1201.7
-141.12,23,1200.8
-141.08,23.02,1199.6
-141.05,23.03,1198.6
-141.01,23.05,1197.4
-140.98,23.06,1196.5
-140.94,23.07,1195.3
-140.91,23.08,1194.3
-140.87,23.1,1193.1
-140.84,23.11,1192.2
-140.8,23.13,1191
-140.77,23.14,1190
-140.73,23.15,1188.9
-140.7,23.17,1187.9
-140.66,23.18,1186.7
-140.63,23.19,1185.8
-140.59,23.21,1184.6
-140.56,23.22,1183.6
-140.52,23.23,1182.5
-140.48,23.25,1181.5
-140.45,23.26,1180.4
-140.41,23.27,1179.4
-140.37,23.29,1178.3
-140.34,23.3,1177.3
-140.3,23.32,1176.2
-140.27,23.33,1175.2
-140.23,23.34,1174.1
-140.2,23.35,1173.1
-140.16,23.37,1172
-140.13,23.38,1171
-140.09,23.4,1169.9
-140.06,23.41,1169
-140.02,23.42,1167.8
-139.98,23.43,1166.9
-139.95,23.45,1165.8
-139.91,23.46,1164.8
-139.87,23.48,1163.7
-139.84,23.49,1162.8
-139.8,23.5,1161.6
-139.77,23.52,1160.7
-139.73,23.53,1159.5
-139.7,23.54,1158.6
-139.66,23.56,1157.5
-139.62,23.57,1156.6
-139.58,23.58,1155.5
-139.55,23.6,1154.5
-139.51,23.61,1153.4
-139.48,23.62,1152.5
-139.44,23.64,1151.4
-139.41,23.65,1150.5
-139.37,23.67,1149.4
-139.33,23.68,1148.4
-139.29,23.69,1147.3
-139.26,23.7,1146.4
-139.22,23.72,1145.3
-139.19,23.73,1144.4
-139.15,23.75,1143.3
-139.12,23.76,1142.4
-139.08,23.77,1141.3
-139.04,23.78,1140.4
-139,23.8,1139.3
-138.97,23.81,1138.4
-138.93,23.83,1137.3
-138.9,23.84,1136.4
-138.86,23.85,1135.3
-138.82,23.87,1134.4
-138.78,23.88,1133.3
-138.75,23.89,1132.4
-138.71,23.91,1131.4
-138.67,23.92,1130.5
-138.63,23.93,1129.4
-138.6,23.95,1128.5
-138.56,23.96,1127.4
-138.53,23.97,1126.5
-138.49,23.99,1125.5
-138.45,24,1124.6
-138.41,24.01,1123.5
-138.38,24.03,1122.6
-138.34,24.04,1121.6
-138.3,24.05,1120.7
-138.26,24.07,1119.6
-138.23,24.08,1118.8
-138.19,24.09,1117.7
-138.16,24.11,1116.8
-138.11,24.12,1115.8
-138.08,24.13,1114.9
-138.04,24.15,1113.8
-138.01,24.16,1113
-137.97,24.18,1111.9
-137.93,24.19,1111.1
-137.89,24.2,1110
-137.86,24.21,1109.2
-137.82,24.23,1108.1
-137.78,24.24,1107.2
-137.74,24.26,1106.2
-137.71,24.27,1105.3
-137.67,24.28,1104.3
-137.63,24.29,1103.4
-137.59,24.31,1102.4
-137.56,24.32,1101.6
-137.52,24.34,1100.5
-137.48,24.35,1099.7
-137.44,24.36,1098.7
-137.41,24.37,1097.8
-137.36,24.39,1096.8
-137.33,24.4,1095.9
-137.29,24.42,1094.9
-137.25,24.43,1094.1
-137.21,24.44,1093.1
-137.18,24.45,1092.2
-137.14,24.47,1091.2
-137.1,24.48,1090.4
-137.06,24.5,1089.3
-137.03,24.51,1088.5
-136.98,24.52,1087.5
-136.95,24.53,1086.7
-136.91,24.55,1085.7
-136.87,24.56,1084.8
-136.83,24.58,1083.8
-136.8,24.59,1083
-136.76,24.6,1082
-136.72,24.61,1081.2
-136.68,24.63,1080.2
-136.64,24.64,1079.4
-136.6,24.66,1078.4
-136.57,24.67,1077.6
-136.53,24.68,1076.6
-136.49,24.69,1075.8
-136.45,24.71,1074.8
-136.41,24.72,1074
-136.37,24.74,1073
-136.34,24.75,1072.2
-136.29,24.76,1071.2
-136.26,24.77,1070.4
-136.22,24.79,1069.4
-136.18,24.8,1068.6
-136.14,24.81,1067.7
-136.11,24.83,1066.8
-136.06,24.84,1065.9
-136.03,24.85,1065.1
-135.98,24.87,1064.1
-135.95,24.88,1063.3
-135.91,24.89,1062.4
-135.87,24.91,1061.6
-135.83,24.92,1060.6
-135.79,24.93,1059.8
-135.75,24.95,1058.9
-135.72,24.96,1058.1
-135.67,24.97,1057.1
-135.64,24.99,1056.3
-135.6,25,1055.4
-135.56,25.01,1054.6
-135.52,25.03,1053.7
-135.48,25.04,1052.9
-135.44,25.05,1052
-135.4,25.06,1051.2
-135.36,25.08,1050.2
-135.33,25.09,1049.5
-135.28,25.1,1048.5
-135.25,25.12,1047.8
-135.2,25.13,1046.8
-135.17,25.14,1046.1
-135.12,25.16,1045.1
-135.09,25.17,1044.4
-135.05,25.18,1043.5
-135.01,25.2,1042.7
-134.97,25.21,1041.8
-134.93,25.22,1041
-134.89,25.24,1040.1
-134.85,25.25,1039.3
-134.81,25.26,1038.4
-134.77,25.27,1037.7
-134.73,25.29,1036.7
-134.69,25.3,1036
-134.65,25.31,1035.1
-134.61,25.33,1034.4
-134.57,25.34,1033.4
-134.54,25.35,1032.7
-134.49,25.37,1031.8
-134.46,25.38,1031.1
-134.41,25.39,1030.2
-134.38,25.4,1029.4
-134.33,25.42,1028.5
-134.3,25.43,1027.8
-134.25,25.45,1026.9
-134.22,25.46,1026.2
-134.17,25.47,1025.3
-134.14,25.48,1024.5
-134.09,25.5,1023.7
-134.06,25.51,1022.9
-134.01,25.52,1022.1
-133.98,25.54,1021.3
-133.93,25.55,1020.5
-133.9,25.56,1019.7
-133.85,25.58,1018.9
-133.81,25.59,1018.1
-133.77,25.6,1017.3
-133.73,25.61,1016.6
-133.69,25.63,1015.7
-133.65,25.64,1015
-133.61,25.65,1014.1
-133.57,25.66,1013.4
-133.53,25.68,1012.5
-133.49,25.69,1011.8
-133.45,25.7,1011
-133.41,25.72,1010.3
-133.37,25.73,1009.4
-133.33,25.74,1008.7
-133.29,25.76,1007.9
-133.25,25.77,1007.2
-133.2,25.78,1006.3
-133.17,25.79,1005.6
-133.12,25.81,1004.8
-133.09,25.82,1004.1
-133.04,25.83,1003.3
-133,25.85,1002.6
-132.96,25.86,1001.7
-132.92,25.87,1001
-132.88,25.89,1000.2
-132.84,25.9,999.54
-132.8,25.91,998.7
-132.76,25.92,998.01
-132.71,25.94,997.2
-132.68,25.95,996.51
-132.63,25.96,995.7
-132.6,25.97,995.01
-132.55,25.99,994.2
-132.51,26,993.54
-132.47,26.01,992.73
-132.43,26.02,992.04
-132.39,26.04,991.23
-132.35,26.05,990.57
-132.3,26.06,989.75
-132.27,26.08,989.09
-132.22,26.09,988.31
-132.18,26.1,987.65
-132.14,26.12,986.83
-132.1,26.13,986.17
-132.06,26.14,985.38
-132.02,26.15,984.73
-131.97,26.17,983.94
-131.94,26.18,983.28
-131.89,26.19,982.49
-131.85,26.2,981.86
-131.81,26.22,981.07
-131.77,26.23,980.41
-131.72,26.24,979.62
-131.69,26.25,978.99
-131.64,26.27,978.2
-131.6,26.28,977.57
-131.56,26.29,976.81
-131.52,26.3,976.18
-131.47,26.32,975.39
-131.44,26.33,974.75
-131.39,26.34,973.99
-131.35,26.35,973.36
-131.31,26.37,972.6
-131.27,26.38,971.97
-131.22,26.39,971.2
-131.18,26.4,970.57
-131.14,26.42,969.83
-131.1,26.43,969.2
-131.05,26.44,968.44
-131.02,26.45,967.83
-130.97,26.47,967.07
-130.93,26.48,966.47
-130.89,26.49,965.73
-130.85,26.5,965.1
-130.8,26.52,964.36
-130.76,26.53,963.76
-130.72,26.54,963.02
-130.68,26.55,962.41
-130.63,26.57,961.68
-130.6,26.58,961.07
-130.55,26.59,960.34
-130.51,26.6,959.73
-130.46,26.62,958.99
-130.43,26.63,958.41
-130.38,26.64,957.68
-130.34,26.65,957.1
-130.29,26.67,956.36
-130.26,26.68,955.78
-130.21,26.69,955.05
-130.17,26.7,954.47
-130.12,26.72,953.76
-130.09,26.73,953.18
-130.04,26.74,952.47
-130,26.75,951.89
-129.95,26.77,951.18
-129.92,26.78,950.6
-129.87,26.79,949.89
-129.83,26.8,949.31
-129.78,26.82,948.63
-129.75,26.83,948.05
-129.7,26.84,947.34
-129.66,26.85,946.78
-129.61,26.86,946.07
-129.57,26.88,945.52
-129.53,26.89,944.84
-129.49,26.9,944.26
-129.44,26.91,943.57
-129.4,26.92,943.02
-129.36,26.94,942.34
-129.32,26.95,941.79
-129.27,26.96,941.1
-129.23,26.97,940.55
-129.18,26.99,939.89
-129.14,27,939.34
-129.1,27.01,938.65
-129.06,27.02,938.1
-129.01,27.04,937.44
-128.97,27.05,936.89
-128.92,27.06,936.23
-128.88,27.07,935.68
-128.84,27.08,935.02
-128.8,27.09,934.5
-128.75,27.11,933.84
-128.71,27.12,933.31
-128.66,27.13,932.66
-128.63,27.14,932.13
-128.58,27.16,931.47
-128.54,27.17,930.94
-128.49,27.18,930.29
-128.45,27.19,929.76
-128.4,27.2,929.13
-128.36,27.22,928.6
-128.32,27.23,927.97
-128.28,27.24,927.45
-128.23,27.25,926.81
-128.19,27.26,926.31
-128.14,27.28,925.68
-128.1,27.29,925.16
-128.05,27.3,924.52
-128.02,27.31,924.02
-127.97,27.32,923.39
-127.93,27.33,922.89
-127.88,27.35,922.26
-127.84,27.36,921.76
-127.79,27.37,921.16
-127.75,27.38,920.66
-127.7,27.4,920.05
-127.66,27.41,919.55
-127.62,27.42,918.95
-127.58,27.43,918.45
-127.53,27.44,917.84
-127.49,27.45,917.34
-127.44,27.47,916.74
-127.4,27.48,916.26
-127.35,27.49,915.66
-127.31,27.5,915.18
-127.26,27.51,914.58
-127.22,27.52,914.11
-127.18,27.54,913.53
-127.14,27.55,913.03
-127.09,27.56,912.45
-127.05,27.57,911.97
-127,27.58,911.4
-126.96,27.59,910.92
-126.91,27.61,910.34
-126.87,27.62,909.87
-126.82,27.63,909.29
-126.78,27.64,908.84
-126.73,27.65,908.26
-126.69,27.66,907.82
-126.64,27.68,907.24
-126.6,27.69,906.79
-126.56,27.7,906.21
-126.52,27.71,905.76
-126.47,27.72,905.21
-126.43,27.73,904.74
-126.38,27.75,904.19
-126.34,27.76,903.74
-126.29,27.77,903.19
-126.25,27.78,902.74
-126.2,27.79,902.21
-126.16,27.8,901.76
-126.11,27.81,901.21
-126.07,27.82,900.77
-126.02,27.84,900.24
-125.98,27.85,899.79
-125.93,27.86,899.27
-125.89,27.87,898.82
-125.84,27.88,898.29
-125.8,27.89,897.87
-125.75,27.91,897.34
-125.71,27.92,896.9
-125.66,27.93,896.37
-125.62,27.94,895.95
-125.57,27.95,895.45
-125.53,27.96,895
-125.48,27.97,894.5
-125.44,27.98,894.08
-125.39,28,893.58
-125.35,28.01,893.16
-125.3,28.02,892.63
-125.26,28.03,892.24
-125.21,28.04,891.74
-125.17,28.05,891.32
-125.12,28.06,890.82
-125.08,28.07,890.42
-125.03,28.09,889.92
-124.99,28.1,889.5
-124.94,28.11,889.03
-124.9,28.12,888.61
-124.85,28.13,888.14
-124.81,28.14,887.74
-124.76,28.15,887.24
-124.72,28.16,886.85
-124.67,28.17,886.37
-124.63,28.18,885.98
-124.58,28.2,885.5
-124.54,28.21,885.11
-124.49,28.22,884.64
-124.45,28.23,884.27
-124.4,28.24,883.79
-124.35,28.25,883.43
-124.3,28.26,882.95
-124.26,28.27,882.58
-124.21,28.29,882.11
-124.17,28.29,881.74
-124.12,28.31,881.27
-124.08,28.32,880.9
-124.03,28.33,880.45
-123.99,28.34,880.08
-123.94,28.35,879.64
-123.9,28.36,879.27
-123.85,28.37,878.82
-123.81,28.38,878.45
-123.76,28.39,878.03
-123.71,28.4,877.66
-123.66,28.42,877.22
-123.62,28.43,876.87
-123.57,28.44,876.43
-123.53,28.45,876.08
-123.48,28.46,875.66
-123.44,28.47,875.29
-123.39,28.48,874.87
-123.35,28.49,874.53
-123.3,28.5,874.11
-123.26,28.51,873.77
-123.21,28.52,873.35
-123.16,28.53,873.01
-123.11,28.54,872.61
-123.07,28.55,872.27
-123.02,28.57,871.85
-122.98,28.57,871.53
-122.93,28.59,871.11
-122.89,28.6,870.8
-122.84,28.61,870.37
-122.79,28.62,870.06
-122.74,28.63,869.66
-122.7,28.64,869.35
-122.65,28.65,868.95
-122.61,28.66,868.61
-122.56,28.67,868.24
-122.52,28.68,867.93
-122.47,28.69,867.53
-122.42,28.7,867.22
-122.37,28.71,866.85
-122.33,28.72,866.53
-122.28,28.73,866.14
-122.24,28.74,865.85
-122.19,28.75,865.45
-122.15,28.76,865.16
-122.1,28.77,864.8
-122.05,28.78,864.48
-122,28.8,864.11
-121.96,28.8,863.82
-121.91,28.82,863.45
-121.87,28.83,863.17
-121.82,28.84,862.82
-121.77,28.85,862.53
-121.72,28.86,862.17
-121.68,28.87,861.88
-121.63,28.88,861.53
-121.59,28.89,861.24
-121.54,28.9,860.9
-121.49,28.91,860.61
-121.44,28.92,860.27
-121.4,28.93,860.01
-121.35,28.94,859.67
-121.31,28.95,859.38
-121.26,28.96,859.06
-121.21,28.97,858.77
-121.16,28.98,858.46
-121.12,28.99,858.19
-121.07,29,857.85
-121.03,29.01,857.59
-120.97,29.02,857.27
-120.93,29.03,857.01
-120.88,29.04,856.69
-120.84,29.05,856.43
-120.79,29.06,856.11
-120.74,29.07,855.85
-120.69,29.08,855.56
-120.65,29.09,855.3
-120.6,29.1,854.98
-120.56,29.11,854.75
-120.5,29.12,854.46
-120.46,29.13,854.19
-120.41,29.14,853.9
-120.37,29.15,853.67
-120.32,29.16,853.38
-120.27,29.17,853.11
-120.22,29.18,852.82
-120.18,29.19,852.61
-120.13,29.2,852.32
-120.09,29.2,852.09
-120.03,29.22,851.8
-119.99,29.22,851.56
-119.94,29.23,851.3
-119.9,29.24,851.06
-119.84,29.25,850.8
-119.8,29.26,850.56
-119.75,29.27,850.3
-119.71,29.28,850.09
-119.65,29.29,849.82
-119.61,29.3,849.61
-119.56,29.31,849.35
-119.52,29.32,849.14
-119.47,29.33,848.88
-119.42,29.34,848.67
-119.37,29.35,848.4
-119.33,29.36,848.19
-119.28,29.37,847.96
-119.23,29.38,847.75
-119.18,29.39,847.51
-119.14,29.4,847.3
-119.09,29.41,847.06
-119.04,29.41,846.88
-118.99,29.42,846.64
-118.95,29.43,846.43
-118.9,29.44,846.19
-118.85,29.45,846.01
-118.8,29.46,845.77
-118.76,29.47,845.59
-118.7,29.48,845.38
-118.66,29.49,845.19
-118.61,29.5,844.96
-118.57,29.51,844.8
-118.51,29.52,844.56
-118.47,29.53,844.4
-118.42,29.54,844.19
-118.38,29.54,844.01
-118.32,29.55,843.8
-118.28,29.56,843.64
-118.23,29.57,843.43
-118.18,29.58,843.27
-118.13,29.59,843.06
-118.09,29.6,842.9
-118.04,29.61,842.69
-117.99,29.62,842.54
-117.94,29.63,842.35
-117.9,29.63,842.19
-117.84,29.64,842.01
-117.8,29.65,841.85
-117.75,29.66,841.67
-117.71,29.67,841.51
-117.65,29.68,841.33
-117.61,29.69,841.19
-117.56,29.7,841.01
-117.51,29.71,840.88
-117.46,29.72,840.69
-117.42,29.72,840.56
-117.37,29.73,840.38
-117.32,29.74,840.25
-117.27,29.75,840.09
-117.23,29.76,839.96
-117.17,29.77,839.8
-117.13,29.78,839.67
-117.08,29.79,839.51
-117.03,29.79,839.38
-116.98,29.8,839.22
-116.94,29.81,839.12
-116.88,29.82,838.96
-116.84,29.83,838.83
-116.79,29.84,838.7
-116.74,29.84,838.56
-116.69,29.85,838.43
-116.65,29.86,838.33
-116.59,29.87,838.2
-116.55,29.88,838.06
-116.5,29.89,837.93
-116.46,29.9,837.83
-116.4,29.91,837.72
-116.36,29.91,837.62
-116.31,29.92,837.48
-116.26,29.93,837.38
-116.21,29.94,837.27
-116.17,29.95,837.17
-116.11,29.96,837.04
-116.07,29.96,836.96
-116.02,29.97,836.85
-115.97,29.98,836.75
-115.92,29.99,836.64
-115.88,30,836.56
-115.82,30.01,836.46
-115.78,30.01,836.38
-115.72,30.02,836.27
-115.68,30.03,836.2
-115.63,30.04,836.09
-115.58,30.05,836.01
-115.53,30.05,835.93
-115.49,30.06,835.85
-115.43,30.07,835.77
-115.39,30.08,835.7
-115.34,30.09,835.62
-115.29,30.09,835.56
-115.24,30.1,835.48
-115.2,30.11,835.41
-115.14,30.12,835.33
-115.1,30.13,835.27
-115.05,30.14,835.2
-115,30.14,835.14
-114.95,30.15,835.09
-114.91,30.16,835.04
-114.85,30.17,834.96
-114.81,30.17,834.91
-114.75,30.18,834.85
-114.71,30.19,834.8
-114.66,30.2,834.75
-114.61,30.21,834.72
-114.56,30.21,834.67
-114.52,30.22,834.62
-114.46,30.23,834.56
-114.42,30.24,834.54
-114.37,30.24,834.49
-114.32,30.25,834.46
-114.27,30.26,834.43
-114.22,30.27,834.41
-114.17,30.28,834.35
-114.13,30.28,834.33
-114.07,30.29,834.3
-114.03,30.3,834.27
-113.98,30.31,834.25
-113.93,30.31,834.25
-113.88,30.32,834.22
-113.83,30.33,834.2
-113.78,30.34,834.17
-113.74,30.34,834.17
-113.68,30.35,834.14
-113.64,30.36,834.14
-113.58,30.37,834.14
-113.54,30.37,834.12
-113.49,30.38,834.12
-113.44,30.39,834.12
-113.39,30.4,834.12
-113.35,30.4,834.12
-113.29,30.41,834.12
-113.25,30.42,834.12
-113.19,30.42,834.12
-113.15,30.43,834.14
-113.1,30.44,834.14
-113.05,30.45,834.17
-113,30.45,834.17
-112.95,30.46,834.2
-112.9,30.47,834.2
-112.86,30.47,834.22
-112.8,30.48,834.25
-112.76,30.49,834.27
-112.7,30.5,834.3
-112.66,30.5,834.33
-112.61,30.51,834.35
-112.56,30.52,834.38
-112.51,30.52,834.41
-112.46,30.53,834.43
-112.41,30.54,834.49
-112.37,30.55,834.51
-112.31,30.55,834.56
-112.27,30.56,834.59
-112.21,30.57,834.64
-112.17,30.57,834.67
-112.12,30.58,834.72
-112.07,30.59,834.77
-112.02,30.59,834.83
-111.97,30.6,834.88
-111.92,30.61,834.93
-111.88,30.61,834.99
-111.82,30.62,835.06
-111.78,30.63,835.12
-111.72,30.63,835.17
-111.68,30.64,835.22
-111.63,30.65,835.3
-111.58,30.65,835.35
-111.53,30.66,835.43
-111.48,30.67,835.51
-111.43,30.67,835.59
-111.39,30.68,835.64
-111.33,30.69,835.72
-111.29,30.69,835.8
-111.23,30.7,835.88
-111.19,30.71,835.96
-111.14,30.71,836.06
-111.09,30.72,836.14
-111.04,30.73,836.22
-110.99,30.73,836.3
-110.94,30.74,836.41
-110.89,30.75,836.48
-110.84,30.75,836.59
-110.8,30.76,836.7
-110.74,30.77,836.8
-110.7,30.77,836.88
-110.64,30.78,837.01
-110.6,30.78,837.09
-110.55,30.79,837.22
-110.5,30.8,837.3
-110.45,30.8,837.43
-110.4,30.81,837.54
-110.35,30.82,837.64
-110.3,30.82,837.75
-110.25,30.83,837.88
-110.21,30.83,837.98
-110.15,30.84,838.12
-110.11,30.85,838.25
-110.05,30.85,838.38
-110.01,30.86,838.48
-109.96,30.86,838.62
-109.91,30.87,838.75
-109.86,30.88,838.88
-109.81,30.88,839.01
-109.76,30.89,839.17
-109.71,30.89,839.27
-109.66,30.9,839.43
-109.62,30.91,839.56
-109.56,30.91,839.72
-109.52,30.92,839.85
-109.46,30.92,840.01
-109.42,30.93,840.14
-109.36,30.94,840.3
-109.32,30.94,840.46
-109.27,30.95,840.62
-109.22,30.95,840.75
-109.17,30.96,840.93
-109.12,30.96,841.06
-109.07,30.97,841.25
-109.02,30.97,841.41
-108.97,30.98,841.59
-108.93,30.99,841.72
-108.87,30.99,841.91
-108.83,31,842.06
-108.77,31,842.27
-108.73,31.01,842.4
-108.68,31.01,842.62
-108.63,31.02,842.77
-108.58,31.03,842.96
-108.53,31.03,843.14
-108.48,31.04,843.33
-108.43,31.04,843.51
-108.38,31.05,843.72
-108.34,31.05,843.88
-108.28,31.06,844.09
-108.24,31.06,844.27
-108.18,31.07,844.48
-108.14,31.07,844.64
-108.08,31.08,844.88
-108.04,31.08,845.06
-107.99,31.09,845.27
-107.94,31.09,845.46
-107.89,31.1,845.69
-107.84,31.11,845.88
-107.79,31.11,846.09
-107.74,31.12,846.3
-107.69,31.12,846.54
-107.65,31.13,846.72
-107.59,31.13,846.96
-107.55,31.14,847.14
-107.49,31.14,847.4
-107.45,31.15,847.59
-107.39,31.15,847.85
-107.35,31.16,848.04
-107.3,31.16,848.3
-107.25,31.17,848.51
-107.2,31.17,848.75
-107.15,31.18,848.96
-107.1,31.18,849.22
-107.06,31.19,849.43
-107,31.19,849.69
-106.96,31.2,849.9
-106.9,31.2,850.19
-106.86,31.21,850.4
-106.8,31.21,850.67
-106.76,31.21,850.9
-106.71,31.22,851.17
-106.66,31.22,851.4
-106.61,31.23,851.67
-106.56,31.23,851.9
-106.51,31.24,852.19
-106.46,31.24,852.43
-106.41,31.25,852.72
-106.37,31.25,852.93
-106.31,31.26,853.25
-106.27,31.26,853.48
-106.21,31.27,853.77
-106.17,31.27,854.01
-106.12,31.28,854.3
-106.07,31.28,854.56
-106.02,31.28,854.85
-105.97,31.29,855.11
-105.92,31.29,855.4
-105.87,31.3,855.67
-105.82,31.3,855.98
-105.78,31.31,856.25
-105.72,31.31,856.56
-105.68,31.32,856.8
-105.62,31.32,857.11
-105.58,31.32,857.38
-105.52,31.33,857.72
-105.48,31.33,857.98
-105.43,31.34,858.3
-105.38,31.34,858.56
-105.33,31.35,858.9
-105.28,31.35,859.17
-105.23,31.35,859.51
-105.19,31.36,859.8
-105.13,31.36,860.11
-105.09,31.37,860.4
-105.03,31.37,860.74
-104.99,31.37,861.03
-104.94,31.38,861.38
-104.89,31.38,861.67
-104.84,31.39,862.01
-104.79,31.39,862.3
-104.74,31.39,862.67
-104.7,31.4,862.95
-104.64,31.4,863.3
-104.6,31.41,863.59
-104.54,31.41,863.95
-104.5,31.41,864.27
-104.44,31.42,864.61
-104.4,31.42,864.93
-104.35,31.43,865.3
-104.3,31.43,865.61
-104.25,31.43,865.98
-104.2,31.44,866.3
-104.15,31.44,866.66
-104.11,31.44,866.98
-104.05,31.45,867.35
-104.01,31.45,867.66
-103.95,31.46,868.06
-103.91,31.46,868.37
-103.86,31.46,868.77
-103.81,31.47,869.09
-103.76,31.47,869.48
-103.71,31.47,869.8
-103.66,31.48,870.22
-103.62,31.48,870.53
-103.56,31.48,870.93
-103.52,31.49,871.27
-103.47,31.49,871.66
-103.42,31.49,872.01
-103.37,31.5,872.43
-103.32,31.5,872.74
-103.27,31.5,873.16
-103.23,31.51,873.51
-103.17,31.51,873.93
-103.13,31.51,874.27
-103.07,31.52,874.69
-103.03,31.52,875.03
-102.98,31.52,875.45
-102.93,31.53,875.82
-102.88,31.53,876.24
-102.83,31.53,876.58
-102.78,31.54,877.03
-102.74,31.54,877.4
-102.68,31.54,877.82
-102.64,31.55,878.19
-102.59,31.55,878.64
-102.54,31.55,878.98
-102.49,31.56,879.43
-102.44,31.56,879.79
-102.39,31.56,880.24
-102.35,31.57,880.61
-102.29,31.57,881.08
-102.25,31.57,881.45
-102.2,31.57,881.9
-102.15,31.58,882.27
-102.1,31.58,882.74
-102.05,31.58,883.11
-102,31.59,883.58
-101.96,31.59,883.98
-101.9,31.59,884.43
-101.86,31.59,884.82
-101.81,31.6,885.29
-101.76,31.6,885.69
-101.71,31.6,886.16
-101.66,31.61,886.56
-101.61,31.61,887.03
-101.57,31.61,887.42
-101.51,31.61,887.9
-101.47,31.62,888.32
-101.42,31.62,888.79
-101.37,31.62,889.19
-101.32,31.62,889.69
-101.28,31.63,890.11
-101.22,31.63,890.58
-101.18,31.63,891
-101.13,31.63,891.5
-101.08,31.64,891.92
-101.03,31.64,892.42
-100.98,31.64,892.82
-100.93,31.64,893.35
-100.89,31.65,893.77
-100.83,31.65,894.27
-100.79,31.65,894.69
-100.74,31.65,895.21
-100.69,31.66,895.63
-100.64,31.66,896.13
-100.6,31.66,896.58
-100.54,31.66,897.11
-100.5,31.67,897.53
-100.45,31.67,898.05
-100.4,31.67,898.48
-100.35,31.67,899.03
-100.31,31.67,899.45
-100.25,31.68,900
-100.21,31.68,900.42
-100.16,31.68,900.98
-100.11,31.68,901.42
-100.06,31.69,901.95
-100.02,31.69,902.4
-99.96,31.69,902.95
-99.92,31.69,903.4
-99.87,31.69,903.95
-99.82,31.7,904.4
-99.77,31.7,904.95
-99.73,31.7,905.4
-99.67,31.7,905.97
-99.63,31.7,906.42
-99.58,31.71,906.97
-99.53,31.71,907.45
-99.48,31.71,908
-99.44,31.71,908.47
-99.39,31.71,909.05
-99.34,31.72,909.5
-99.29,31.72,910.08
-99.25,31.72,910.55
-99.19,31.72,911.13
-99.15,31.72,911.61
-99.1,31.72,912.18
-99.05,31.73,912.66
-99,31.73,913.26
-98.96,31.73,913.74
-98.91,31.73,914.32
-98.86,31.73,914.82
-98.81,31.73,915.39
-98.77,31.74,915.89
-98.71,31.74,916.47
-98.67,31.74,916.97
-98.62,31.74,917.58
-98.57,31.74,918.05
-98.52,31.74,918.66
-98.48,31.74,919.16
-98.43,31.75,919.76
-98.38,31.75,920.26
-98.33,31.75,920.87
-98.29,31.75,921.37
-98.23,31.75,922
-98.19,31.75,922.5
-98.14,31.76,923.13
-98.1,31.76,923.63
-98.04,31.76,924.26
-98,31.76,924.76
-97.95,31.76,925.39
-97.9,31.76,925.89
-97.85,31.76,926.52
-97.81,31.76,927.05
-97.76,31.77,927.68
-97.71,31.77,928.21
-97.66,31.77,928.84
-97.62,31.77,929.37
-97.57,31.77,930
-97.52,31.77,930.52
-97.47,31.77,931.18
-97.43,31.77,931.71
-97.38,31.77,932.37
-97.33,31.78,932.89
-97.28,31.78,933.55
-97.24,31.78,934.08
-97.19,31.78,934.73
-97.14,31.78,935.29
-97.09,31.78,935.94
-97.05,31.78,936.47
-97,31.78,937.15
-96.95,31.78,937.68
-96.9,31.78,938.36
-96.86,31.79,938.89
-96.81,31.79,939.58
-96.76,31.79,940.13
-96.71,31.79,940.81
-96.67,31.79,941.36
-96.62,31.79,942.02
-96.57,31.79,942.6
-96.52,31.79,943.29
-96.48,31.79,943.84
-96.43,31.79,944.52
-96.39,31.79,945.07
-96.33,31.79,945.78
-96.29,31.79,946.34
-96.24,31.8,947.02
-96.2,31.8,947.6
-96.14,31.8,948.31
-96.1,31.8,948.86
-96.05,31.8,949.57
-96.01,31.8,950.15
-95.96,31.8,950.86
-95.91,31.8,951.44
-95.86,31.8,952.15
-95.82,31.8,952.73
-95.77,31.8,953.44
-95.73,31.8,954.02
-95.67,31.8,954.73
-95.63,31.8,955.31
-95.58,31.8,956.05
-95.54,31.8,956.63
-95.49,31.8,957.36
-95.44,31.8,957.94
-95.39,31.8,958.68
-95.35,31.8,959.28
-95.3,31.8,959.99
-95.26,31.8,960.6
-95.2,31.8,961.34
-95.16,31.81,961.94
-95.11,31.81,962.68
-95.07,31.81,963.28
-95.02,31.81,964.02
-94.98,31.81,964.62
-94.92,31.81,965.39
-94.88,31.81,965.99
-94.83,31.81,966.73
-94.79,31.81,967.36
-94.74,31.81,968.1
-94.7,31.81,968.73
-94.64,31.81,969.47
-94.6,31.81,970.1
-94.55,31.81,970.86
-94.51,31.81,971.49
-94.46,31.81,972.25
-94.42,31.81,972.86
-94.37,31.81,973.65
-94.32,31.81,974.25
-94.27,31.81,975.04
-94.23,31.81,975.68
-94.18,31.81,976.44
-94.14,31.81,977.07
-94.09,31.81,977.86
-94.04,31.81,978.49
-93.99,31.81,979.28
-93.95,31.81,979.91
-93.9,31.81,980.7
-93.86,31.8,981.36
-93.81,31.8,982.15
-93.77,31.8,982.78
-93.72,31.8,983.57
-93.67,31.8,984.23
-93.62,31.8,985.02
-93.58,31.8,985.67
-93.53,31.8,986.46
-93.49,31.8,987.12
-93.44,31.8,987.94
-93.4,31.8,988.59
-93.35,31.8,989.41
-93.3,31.8,990.07
-93.25,31.8,990.86
-93.21,31.8,991.54
-93.16,31.8,992.36
-93.12,31.8,993.01
-93.07,31.8,993.83
-93.03,31.8,994.51
-92.98,31.8,995.33
-92.94,31.8,995.99
-92.89,31.8,996.83
-92.85,31.8,997.49
-92.79,31.79,998.33
-92.75,31.79,999.01
-92.7,31.79,999.83
-92.66,31.79,1000.5
-92.61,31.79,1001.4
-92.57,31.79,1002
-92.52,31.79,1002.9
-92.48,31.79,1003.6
-92.43,31.79,1004.4
-92.39,31.79,1005.1
-92.34,31.79,1005.9
-92.3,31.79,1006.6
-92.25,31.79,1007.5
-92.2,31.79,1008.2
-92.15,31.78,1009
-92.11,31.78,1009.7
-92.06,31.78,1010.6
-92.02,31.78,1011.3
-91.97,31.78,1012.1
-91.93,31.78,1012.9
-91.88,31.78,1013.7
-91.84,31.78,1014.4
-91.79,31.78,1015.3
-91.75,31.78,1016
-91.7,31.78,1016.9
-91.66,31.77,1017.6
-91.61,31.77,1018.5
-91.57,31.77,1019.2
-91.52,31.77,1020.1
-91.48,31.77,1020.8
-91.43,31.77,1021.6
-91.39,31.77,1022.4
-91.34,31.77,1023.2
-91.3,31.77,1024
-91.25,31.76,1024.9
-91.21,31.76,1025.6
-91.16,31.76,1026.5
-91.12,31.76,1027.2
-91.07,31.76,1028.1
-91.03,31.76,1028.9
-90.98,31.76,1029.7
-90.94,31.76,1030.5
-90.89,31.75,1031.4
-90.85,31.75,1032.1
-90.8,31.75,1033
-90.76,31.75,1033.8
-90.71,31.75,1034.7
-90.67,31.75,1035.4
-90.62,31.75,1036.3
-90.58,31.75,1037.1
-90.53,31.74,1038
-90.49,31.74,1038.7
-90.44,31.74,1039.7
-90.4,31.74,1040.4
-90.35,31.74,1041.4
-90.31,31.74,1042.1
-90.26,31.74,1043
-90.22,31.73,1043.8
-90.17,31.73,1044.7
-90.13,31.73,1045.5
-90.08,31.73,1046.4
-90.04,31.73,1047.2
-89.99,31.73,1048.1
-89.95,31.72,1048.9
-89.9,31.72,1049.8
-89.86,31.72,1050.6
-89.81,31.72,1051.5
-89.77,31.72,1052.3
-89.72,31.72,1053.2
-89.68,31.71,1054
-89.64,31.71,1055
-89.6,31.71,1055.7
-89.55,31.71,1056.7
-89.51,31.71,1057.5
-89.46,31.71,1058.4
-89.42,31.7,1059.2
-89.37,31.7,1060.2
-89.33,31.7,1061
-89.28,31.7,1061.9
-89.24,31.7,1062.7
-89.19,31.69,1063.7
-89.15,31.69,1064.5
-89.1,31.69,1065.5
-89.07,31.69,1066.2
-89.02,31.69,1067.2
-88.98,31.69,1068
-88.93,31.68,1069
-88.89,31.68,1069.8
-88.84,31.68,1070.8
-88.8,31.68,1071.6
-88.75,31.68,1072.6
-88.71,31.67,1073.3
-88.66,31.67,1074.3
-88.63,31.67,1075.2
-88.58,31.67,1076.1
-88.54,31.67,1077
-88.49,31.66,1078
-88.45,31.66,1078.8
-88.4,31.66,1079.8
-88.36,31.66,1080.6
-88.31,31.65,1081.6
-88.28,31.65,1082.4
-88.23,31.65,1083.4
-88.19,31.65,1084.2
-88.14,31.65,1085.2
-88.1,31.64,1086.1
-88.05,31.64,1087.1
-88.01,31.64,1087.9
-87.97,31.64,1088.9
-87.93,31.64,1089.7
-87.88,31.63,1090.7
-87.84,31.63,1091.6
-87.79,31.63,1092.6
-87.75,31.63,1093.4
-87.71,31.62,1094.4
-87.67,31.62,1095.3
-87.62,31.62,1096.3
-87.58,31.62,1097.2
-87.53,31.61,1098.2
-87.49,31.61,1099
-87.45,31.61,1100.1
-87.41,31.61,1100.9
-87.36,31.6,1101.9
-87.32,31.6,1102.8
-87.27,31.6,1103.8
-87.23,31.6,1104.7
-87.19,31.59,1105.7
-87.15,31.59,1106.6
-87.1,31.59,1107.6
-87.06,31.59,1108.5
-87.01,31.58,1109.5
-86.98,31.58,1110.4
-86.93,31.58,1111.4
-86.89,31.58,1112.3
-86.84,31.57,1113.3
-86.8,31.57,1114.2
-86.76,31.57,1115.3
-86.72,31.57,1116.2
-86.67,31.56,1117.2
-86.63,31.56,1118.1
-86.59,31.56,1119.1
-86.55,31.56,1120
-86.5,31.55,1121.1
-86.46,31.55,1121.9
-86.42,31.55,1123
-86.38,31.55,1123.9
-86.33,31.54,1125
-86.29,31.54,1125.9
-86.25,31.54,1126.9
-86.21,31.53,1127.8
-86.16,31.53,1128.9
-86.12,31.53,1129.8
-86.08,31.53,1130.9
-86.04,31.52,1131.8
-85.99,31.52,1132.8
-85.95,31.52,1133.7
-85.91,31.51,1134.8
-85.87,31.51,1135.7
-85.82,31.51,1136.8
-85.78,31.51,1137.7
-85.74,31.5,1138.8
-85.7,31.5,1139.7
-85.65,31.5,1140.8
-85.61,31.49,1141.7
-85.57,31.49,1142.8
-85.53,31.49,1143.7
-85.48,31.48,1144.8
-85.45,31.48,1145.7
-85.4,31.48,1146.8
-85.36,31.48,1147.7
-85.32,31.47,1148.9
-85.28,31.47,1149.8
-85.23,31.47,1150.9
-85.19,31.46,1151.8
-85.15,31.46,1152.9
-85.11,31.46,1153.8
-85.06,31.45,1154.9
-85.03,31.45,1155.9
-84.98,31.45,1157
-84.94,31.44,1157.9
-84.9,31.44,1159
-84.86,31.44,1160
-84.81,31.43,1161.1
-84.78,31.43,1162
-84.73,31.43,1163.1
-84.69,31.43,1164.1
-84.65,31.42,1165.2
-84.61,31.42,1166.1
-84.56,31.42,1167.3
-84.53,31.41,1168.2
-84.48,31.41,1169.4
-84.44,31.41,1170.3
-84.4,31.4,1171.5
-84.36,31.4,1172.4
-84.32,31.4,1173.5
-84.28,31.39,1174.5
-84.23,31.39,1175.6
-84.2,31.39,1176.6
-84.15,31.38,1177.7
-84.11,31.38,1178.7
-84.07,31.38,1179.8
-84.03,31.37,1180.8
-83.99,31.37,1182
-83.95,31.37,1182.9
-83.9,31.36,1184.1
-83.87,31.36,1185
-83.82,31.35,1186.2
-83.78,31.35,1187.1
-83.74,31.35,1188.3
-83.7,31.34,1189.3
-83.66,31.34,1190.5
-83.62,31.34,1191.4
-83.58,31.33,1192.6
-83.54,31.33,1193.6
-83.49,31.33,1194.7
-83.46,31.32,1195.7
-83.41,31.32,1196.9
-83.38,31.32,1197.9
-83.33,31.31,1199
-83.29,31.31,1200
-83.25,31.3,1201.2
-83.21,31.3,1202.2
-83.17,31.3,1203.4
-83.13,31.29,1204.4
-83.09,31.29,1205.5
-83.05,31.29,1206.5
-83.01,31.28,1207.7
-82.97,31.28,1208.7
-82.93,31.28,1209.9
-82.89,31.27,1210.9
-82.84,31.27,1212.1
-82.81,31.26,1213.1
-82.76,31.26,1214.3
-82.73,31.26,1215.3
-82.68,31.25,1216.5
-82.65,31.25,1217.5
-82.6,31.25,1218.7
-82.57,31.24,1219.7
-82.52,31.24,1220.9
-82.49,31.23,1221.9
-82.44,31.23,1223.1
-82.41,31.23,1224.1
-82.36,31.22,1225.3
-82.33,31.22,1226.3
-82.28,31.21,1227.6
-82.24,31.21,1228.6
-82.2,31.21,1229.8
-82.16,31.2,1230.8
-82.12,31.2,1232
-82.09,31.2,1233
-82.04,31.19,1234.2
-82.01,31.19,1235.3
-81.96,31.18,1236.5
-81.93,31.18,1237.5
-81.88,31.18,1238.7
-81.85,31.17,1239.8
-81.8,31.17,1241
-81.77,31.16,1242
-81.72,31.16,1243.3
-81.69,31.16,1244.3
-81.64,31.15,1245.5
-81.61,31.15,1246.6
-81.56,31.14,1247.8
-81.53,31.14,1248.8
-81.49,31.13,1250.1
-81.45,31.13,1251.1
-81.41,31.13,1252.4
-81.37,31.12,1253.4
-81.33,31.12,1254.7
-81.29,31.11,1255.7
-81.25,31.11,1257
-81.21,31.11,1258
-81.17,31.1,1259.3
-81.13,31.1,1260.3
-81.09,31.09,1261.6
-81.06,31.09,1262.6
-81.01,31.08,1263.9
-80.98,31.08,1264.9
-80.93,31.08,1266.2
-80.9,31.07,1267.2
-80.86,31.07,1268.5
-80.82,31.06,1269.6
-80.78,31.06,1270.8
-80.74,31.06,1271.9
-80.7,31.05,1273.2
-80.67,31.05,1274.2
-80.62,31.04,1275.5
-80.59,31.04,1276.6
-80.54,31.03,1277.8
-80.51,31.03,1278.9
-80.47,31.03,1280.2
-80.43,31.02,1281.2
-80.39,31.02,1282.5
-80.35,31.01,1283.6
-80.31,31.01,1284.9
-80.28,31,1285.9
-80.23,31,1287.3
-80.2,31,1288.3
-80.16,30.99,1289.6
-80.12,30.99,1290.7
-80.08,30.98,1292
-80.05,30.98,1293.1
-80,30.97,1294.4
-79.97,30.97,1295.4
-79.93,30.96,1296.8
-79.89,30.96,1297.8
-79.85,30.95,1299.1
-79.82,30.95,1300.2
-79.77,30.95,1301.5
-79.74,30.94,1302.6
-79.7,30.94,1303.9
-79.66,30.93,1305
-79.62,30.93,1306.3
-79.59,30.92,1307.4
-79.54,30.92,1308.7
-79.51,30.91,1309.8
-79.47,30.91,1311.2
-79.43,30.91,1312.2
-79.39,30.9,1313.6
-79.36,30.9,1314.7
-79.31,30.89,1316
-79.28,30.89,1317.1
-79.24,30.88,1318.4
-79.2,30.88,1319.5
-79.16,30.87,1320.8
-79.13,30.87,1321.9
-79.09,30.86,1323.3
-79.05,30.86,1324.4
-79.01,30.85,1325.7
-78.98,30.85,1326.8
-78.94,30.84,1328.2
-78.9,30.84,1329.3
-78.86,30.84,1330.6
-78.83,30.83,1331.7
-78.79,30.83,1333.1
-78.75,30.82,1334.2
-78.71,30.82,1335.5
-78.68,30.81,1336.6
-78.64,30.81,1338
-78.6,30.8,1339.1
-78.56,30.8,1340.5
-78.53,30.79,1341.6
-78.49,30.79,1343
-78.45,30.78,1344.1
-78.41,30.78,1345.4
-78.38,30.77,1346.5
-78.34,30.77,1347.9
-78.3,30.76,1349
-78.26,30.76,1350.4
-78.23,30.76,1351.5
-78.19,30.75,1352.9
-78.15,30.75,1354
-78.11,30.74,1355.4
-78.08,30.74,1356.5
-78.04,30.73,1357.9
-78.01,30.73,1359
-77.96,30.72,1360.4
-77.93,30.72,1361.5
-77.89,30.71,1362.9
-77.86,30.71,1364.1
-77.82,30.7,1365.5
-77.78,30.7,1366.6
-77.74,30.69,1368
-77.71,30.69,1369.1
-77.67,30.68,1370.5
-77.64,30.68,1371.6
-77.6,30.67,1373
-77.56,30.67,1374.2
-77.52,30.66,1375.6
-77.49,30.66,1376.7
-77.45,30.65,1378.1
-77.42,30.65,1379.3
-77.38,30.64,1380.7
-77.34,30.64,1381.8
-77.3,30.63,1383.2
-77.27,30.63,1384.4
-77.23,30.62,1385.8
-77.2,30.62,1386.9
-77.16,30.61,1388.4
-77.12,30.61,1389.5
-77.08,30.6,1390.9
-77.05,30.6,1392.1
-77.01,30.59,1393.5
-76.98,30.59,1394.6
-76.94,30.58,1396.1
-76.91,30.58,1397.2
-76.87,30.57,1398.6
-76.83,30.57,1399.8
-76.79,30.56,1401.2
-76.76,30.56,1402.4
-76.72,30.55,1403.8
-76.69,30.55,1405
-76.65,30.54,1406.4
-76.62,30.54,1407.6
-76.58,30.53,1409
-76.54,30.53,1410.2
-76.51,30.52,1411.6
-76.47,30.51,1412.8
-76.43,30.51,1414.2
-76.4,30.5,1415.4
-76.36,30.5,1416.8
-76.33,30.49,1418
-76.29,30.49,1419.5
-76.26,30.48,1420.6
-76.22,30.48,1422.1
-76.19,30.47,1423.3
-76.15,30.47,1424.7
-76.12,30.46,1425.9
-76.08,30.46,1427.3
-76.04,30.45,1428.5
-76,30.45,1430
-75.97,30.44,1431.2
-75.93,30.44,1432.6
-75.9,30.43,1433.8
-75.86,30.43,1435.3
-75.83,30.42,1436.5
-75.79,30.41,1437.9
-75.76,30.41,1439.1
-75.72,30.4,1440.6
-75.69,30.4,1441.8
-75.65,30.39,1443.2
-75.62,30.39,1444.4
-75.58,30.38,1445.9
-75.55,30.38,1447.1
-75.51,30.37,1448.6
-75.48,30.37,1449.8
-75.44,30.36,1451.2
-75.41,30.36,1452.4
-75.37,30.35,1453.9
-75.34,30.35,1455.1
-75.3,30.34,1456.6
-75.27,30.34,1457.8
-75.23,30.33,1459.3
-75.2,30.32,1460.5
-75.16,30.32,1462
-75.13,30.31,1463.2
-75.09,30.31,1464.7
-75.06,30.3,1465.9
-75.02,30.3,1467.4
-74.99,30.29,1468.6
-74.95,30.29,1470.1
-74.92,30.28,1471.3
-74.88,30.28,1472.8
-74.85,30.27,1474
-74.81,30.26,1475.5
-74.78,30.26,1476.7
-74.74,30.25,1478.2
-74.71,30.25,1479.4
-74.67,30.24,1480.9
-74.64,30.24,1482.2
-74.6,30.23,1483.7
-74.57,30.23,1484.9
-74.54,30.22,1486.4
-74.5,30.22,1487.6
-74.47,30.21,1489.2
-74.44,30.2,1490.4
-74.4,30.2,1491.9
-74.37,30.19,1493.1
-74.33,30.19,1494.6
-74.3,30.18,1495.9
-74.26,30.18,1497.4
-74.23,30.17,1498.6
-74.19,30.17,1500.1
-74.16,30.16,1501.4
-74.12,30.15,1502.9
-74.09,30.15,1504.1
-74.06,30.14,1505.7
-74.03,30.14,1506.9
-73.99,30.13,1508.4
-73.96,30.13,1509.7
-73.92,30.12,1511.2
-73.89,30.12,1512.4
-73.85,30.11,1514
-73.82,30.1,1515.2
-73.78,30.1,1516.7
-73.75,30.09,1518
-73.72,30.09,1519.5
-73.69,30.08,1520.8
-73.65,30.08,1522.3
-73.62,30.07,1523.6
-73.58,30.06,1525.1
-73.55,30.06,1526.4
-73.51,30.05,1527.9
-73.48,30.05,1529.1
-73.45,30.04,1530.7
-73.42,30.04,1532
-73.38,30.03,1533.5
-73.35,30.03,1534.8
-73.31,30.02,1536.3
-73.28,30.01,1537.6
-73.25,30.01,1539.1
-73.22,30,1540.4
-73.18,30,1541.9
-73.15,29.99,1543.2
-73.11,29.98,1544.8
-73.08,29.98,1546
-73.05,29.97,1547.6
-73.02,29.97,1548.9
-72.98,29.96,1550.4
-72.95,29.96,1551.7
-72.91,29.95,1553.2
-72.88,29.95,1554.5
-72.85,29.94,1556.1
-72.82,29.93,1557.4
-72.78,29.93,1558.9
-72.75,29.92,1560.2
-72.72,29.92,1561.8
-72.69,29.91,1563.1
-72.65,29.9,1564.6
-72.62,29.9,1565.9
-72.58,29.89,1567.5
-72.55,29.89,1568.8
-72.52,29.88,1570.4
-72.49,29.88,1571.6
-72.45,29.87,1573.2
-72.42,29.86,1574.5
-72.39,29.86,1576.1
-72.36,29.85,1577.4
-72.32,29.85,1578.9
-72.29,29.84,1580.2
-72.26,29.83,1581.8
-72.23,29.83,1583.1
-72.19,29.82,1584.7
-72.16,29.82,1586
-72.13,29.81,1587.6
-72.1,29.81,1588.9
-72.06,29.8,1590.5
-72.03,29.79,1591.8
-72,29.79,1593.3
-71.97,29.78,1594.7
-71.93,29.78,1596.2
-71.9,29.77,1597.6
-71.87,29.76,1599.2
-71.84,29.76,1600.5
-71.8,29.75,1602.1
-71.77,29.75,1603.4
-71.74,29.74,1605
-71.71,29.74,1606.3
-71.67,29.73,1607.9
-71.64,29.72,1609.2
-71.61,29.72,1610.8
-71.58,29.71,1612.1
-71.54,29.71,1613.7
-71.52,29.7,1615
-71.48,29.69,1616.6
-71.45,29.69,1618
-71.42,29.68,1619.6
-71.39,29.68,1620.9
-71.35,29.67,1622.5
-71.32,29.66,1623.8
-71.29,29.66,1625.4
-71.26,29.65,1626.8
-71.23,29.65,1628.4
-71.2,29.64,1629.7
-71.16,29.63,1631.3
-71.13,29.63,1632.6
-71.1,29.62,1634.3
-71.07,29.62,1635.6
-71.04,29.61,1637.2
-71.01,29.6,1638.6
-70.97,29.6,1640.2
-70.94,29.59,1641.5
-70.91,29.59,1643.1
-70.88,29.58,1644.5
-70.85,29.57,1646.1
-70.82,29.57,1647.4
-70.78,29.56,1649.1
-70.75,29.56,1650.4
-70.72,29.55,1652
-70.69,29.54,1653.4
-70.66,29.54,1655
-70.63,29.53,1656.3
-70.6,29.53,1658
-70.57,29.52,1659.3
-70.53,29.51,1661
-70.5,29.51,1662.3
-70.47,29.5,1663.9
-70.44,29.5,1665.3
-70.41,29.49,1666.9
-70.38,29.48,1668.3
-70.35,29.48,1669.9
-70.32,29.47,1671.3
-70.28,29.47,1672.9
-70.26,29.46,1674.3
-70.22,29.45,1675.9
-70.19,29.45,1677.3
-70.16,29.44,1678.9
-70.13,29.44,1680.3
-70.1,29.43,1682
-70.07,29.42,1683.3
-70.04,29.42,1685
-70.01,29.41,1686.3
-69.97,29.41,1688
-69.95,29.4,1689.3
-69.91,29.39,1691
-69.89,29.39,1692.4
-69.85,29.38,1694
-69.82,29.38,1695.4
-69.79,29.37,1697
-69.76,29.36,1698.4
-69.73,29.36,1700.1
-69.7,29.35,1701.5
-69.67,29.34,1703.1
-69.64,29.34,1704.5
-69.61,29.33,1706.2
-69.58,29.33,1707.5
-69.55,29.32,1709.2
-69.52,29.31,1710.6
-69.49,29.31,1712.3
-69.46,29.3,1713.6
-69.43,29.3,1715.3
-69.4,29.29,1716.7
-69.36,29.28,1718.4
-69.34,29.28,1719.8
-69.3,29.27,1721.4
-69.28,29.27,1722.8
-69.24,29.26,1724.5
-69.22,29.25,1725.9
-69.18,29.25,1727.5
-69.16,29.24,1728.9
-69.12,29.23,1730.6
-69.1,29.23,1732
-69.06,29.22,1733.7
-69.04,29.22,1735.1
-69,29.21,1736.8
-68.98,29.2,1738.1
-68.94,29.2,1739.9
-68.92,29.19,1741.2
-68.88,29.18,1742.9
-68.86,29.18,1744.3
-68.82,29.17,1746
-68.8,29.17,1747.4
-68.76,29.16,1749.1
-68.74,29.15,1750.5
-68.71,29.15,1752.2
-68.68,29.14,1753.6
-68.65,29.14,1755.3
-68.62,29.13,1756.7
-68.59,29.12,1758.4
-68.56,29.12,1759.8
-68.53,29.11,1761.5
-68.5,29.1,1762.9
-68.47,29.1,1764.6
-68.44,29.09,1766
-68.41,29.09,1767.7
-68.38,29.08,1769.1
-68.35,29.07,1770.9
-68.32,29.07,1772.2
-68.29,29.06,1774
-68.27,29.06,1775.4
-68.23,29.05,1777.1
-68.21,29.04,1778.5
-68.17,29.04,1780.2
-68.15,29.03,1781.6
-68.12,29.02,1783.3
-68.09,29.02,1784.8
-68.06,29.01,1786.5
-68.03,29.01,1787.9
-68,29,1789.6
-67.97,28.99,1791
-67.94,28.99,1792.8
-67.91,28.98,1794.2
-67.88,28.97,1795.9
-67.86,28.97,1797.3
-67.82,28.96,1799.1
-67.8,28.96,1800.5
-67.77,28.95,1802.2
-67.74,28.94,1803.6
-67.71,28.94,1805.4
-67.68,28.93,1806.8
-67.65,28.92,1808.5
-67.63,28.92,1809.9
-67.59,28.91,1811.7
-67.57,28.91,1813.1
-67.54,28.9,1814.8
-67.51,28.89,1816.3
-67.48,28.89,1818
-67.45,28.88,1819.4
-67.42,28.87,1821.2
-67.4,28.87,1822.6
-67.36,28.86,1824.4
-67.34,28.86,1825.8
-67.31,28.85,1827.6
-67.28,28.84,1829
-67.25,28.84,1830.7
-67.22,28.83,1832.2
-67.19,28.82,1833.9
-67.17,28.82,1835.4
-67.14,28.81,1837.1
-67.11,28.8,1838.6
-67.08,28.8,1840.3
-67.05,28.79,1841.7
-67.02,28.79,1843.5
-67,28.78,1844.9
-66.97,28.77,1846.7
-66.94,28.77,1848.2
-66.91,28.76,1849.9
-66.88,28.75,1851.3
-66.85,28.75,1853.1
-66.83,28.74,1854.5
-66.8,28.73,1856.3
-66.77,28.73,1857.8
-66.74,28.72,1859.5
-66.72,28.72,1861
-66.69,28.71,1862.8
-66.66,28.7,1864.2
-66.63,28.7,1866
-66.6,28.69,1867.4
-66.57,28.68,1869.2
-66.55,28.68,1870.7
-66.52,28.67,1872.4
-66.49,28.67,1873.9
-66.46,28.66,1875.7
-66.44,28.65,1877.1
-66.41,28.65,1878.9
-66.38,28.64,1880.3
-66.35,28.63,1882.1
-66.33,28.63,1883.6
-66.3,28.62,1885.4
-66.27,28.62,1886.8
-66.24,28.61,1888.6
-66.22,28.6,1890.1
-66.18,28.6,1891.9
-66.16,28.59,1893.3
-66.13,28.58,1895.1
-66.1,28.58,1896.6
-66.07,28.57,1898.4
-66.05,28.56,1899.8
-66.02,28.56,1901.6
-65.99,28.55,1903.1
-65.96,28.55,1904.9
-65.94,28.54,1906.4
-65.91,28.53,1908.1
-65.89,28.53,1909.6
-65.86,28.52,1911.4
-65.83,28.51,1912.9
-65.8,28.51,1914.7
-65.78,28.5,1916.1
-65.75,28.49,1918
-65.72,28.49,1919.4
-65.69,28.48,1921.2
-65.67,28.48,1922.7
-65.64,28.47,1924.5
-65.61,28.46,1926
-65.58,28.46,1927.8
-65.56,28.45,1929.3
-65.53,28.44,1931.1
-65.5,28.44,1932.6
-65.48,28.43,1934.4
-65.45,28.42,1935.9
-65.42,28.42,1937.7
-65.4,28.41,1939.1
-65.37,28.41,1941
-65.34,28.4,1942.4
-65.31,28.39,1944.2
-65.29,28.39,1945.7
-65.26,28.38,1947.6
-65.24,28.37,1949
-65.21,28.37,1950.9
-65.18,28.36,1952.4
-65.15,28.35,1954.2
-65.13,28.35,1955.7
-65.1,28.34,1957.5
-65.08,28.34,1959
-65.05,28.33,1960.8
-65.02,28.32,1962.3
-64.99,28.32,1964.1
-64.97,28.31,1965.6
-64.94,28.3,1967.4
-64.92,28.3,1968.9
-64.89,28.29,1970.7
-64.86,28.28,1972.2
-64.83,28.28,1974.1
-64.81,28.27,1975.6
-64.78,28.27,1977.4
-64.76,28.26,1978.9
-64.73,28.25,1980.7
-64.7,28.25,1982.2
-64.68,28.24,1984.1
-64.65,28.23,1985.6
-64.62,28.23,1987.4
-64.6,28.22,1988.9
-64.57,28.21,1990.8
-64.55,28.21,1992.3
-64.52,28.2,1994.1
-64.49,28.2,1995.6
-64.47,28.19,1997.4
-64.44,28.18,1999
-64.41,28.18,2000.8
-64.39,28.17,2002.3
-64.36,28.16,2004.2
-64.34,28.16,2005.7
-64.31,28.15,2007.5
-64.29,28.14,2009
-64.26,28.14,2010.9
-64.23,28.13,2012.4
-64.21,28.12,2014.2
-64.18,28.12,2015.8
-64.15,28.11,2017.6
-64.13,28.11,2019.1
-64.1,28.1,2021
-64.08,28.09,2022.5
-64.05,28.09,2024.4
-64.03,28.08,2025.9
-64,28.07,2027.7
-63.98,28.07,2029.3
-63.95,28.06,2031.1
-63.92,28.05,2032.6
-63.9,28.05,2034.5
