-146.34,46.356,3455.8
-146.31,46.376,3453.8
-146.29,46.396,3451.8
-146.26,46.416,3449.8
-146.23,46.436,3447.8
-146.21,46.456,3445.8
-146.18,46.476,3443.8
-146.16,46.496,3441.8
-146.13,46.516,3439.8
-146.1,46.536,3437.8
-146.08,46.556,3435.8
-146.05,46.576,3433.8
-146.02,46.596,3431.8
-146,46.616,3429.8
-145.97,46.636,3427.8
-145.94,46.656,3425.8
-145.92,46.676,3423.8
-145.89,46.696,3421.8
-145.86,46.716,3419.8
-145.83,46.737,3417.9
-145.81,46.757,3415.9
-145.78,46.777,3413.9
-145.75,46.797,3411.9
-145.73,46.817,3409.9
-145.7,46.837,3408
-145.67,46.857,3406
-145.65,46.878,3404
-145.62,46.898,3402
-145.59,46.918,3400.1
-145.56,46.938,3398.1
-145.54,46.958,3396.1
-145.51,46.978,3394.2
-145.48,46.999,3392.2
-145.45,47.019,3390.2
-145.43,47.039,3388.3
-145.4,47.059,3386.3
-145.37,47.079,3384.4
-145.34,47.1,3382.4
-145.32,47.12,3380.4
-145.29,47.14,3378.5
-145.26,47.16,3376.5
-145.23,47.181,3374.6
-145.21,47.201,3372.6
-145.18,47.221,3370.7
-145.15,47.242,3368.7
-145.12,47.262,3366.8
-145.09,47.282,3364.8
-145.07,47.302,3362.9
-145.04,47.323,3360.9
-145.01,47.343,3359
-144.98,47.363,3357
-144.95,47.383,3355.1
-144.93,47.404,3353.2
-144.9,47.424,3351.2
-144.87,47.445,3349.3
-144.84,47.465,3347.3
-144.81,47.485,3345.4
-144.78,47.506,3343.5
-144.76,47.526,3341.5
-144.73,47.546,3339.6
-144.7,47.567,3337.7
-144.67,47.587,3335.8
-144.64,47.608,3333.8
-144.61,47.628,3331.9
-144.58,47.648,3330
-144.56,47.669,3328.1
-144.53,47.689,3326.1
-144.5,47.709,3324.2
-144.47,47.73,3322.3
-144.44,47.75,3320.4
-144.41,47.771,3318.5
-144.38,47.791,3316.6
-144.35,47.812,3314.6
-144.33,47.832,3312.8
-144.3,47.853,3310.8
-144.27,47.873,3308.9
-144.24,47.894,3307
-144.21,47.914,3305.1
-144.18,47.934,3303.2
-144.15,47.955,3301.3
-144.12,47.975,3299.4
-144.09,47.996,3297.5
-144.06,48.016,3295.6
-144.03,48.037,3293.7
-144,48.057,3291.9
-143.97,48.078,3290
-143.94,48.098,3288.1
-143.91,48.119,3286.2
-143.88,48.14,3284.3
-143.86,48.16,3282.4
-143.83,48.181,3280.5
-143.8,48.201,3278.6
-143.77,48.222,3276.7
-143.74,48.242,3274.9
-143.71,48.263,3273
-143.68,48.283,3271.1
-143.65,48.304,3269.2
-143.62,48.325,3267.3
-143.59,48.345,3265.5
-143.56,48.366,3263.6
-143.53,48.386,3261.7
-143.5,48.407,3259.8
-143.47,48.428,3258
-143.43,48.448,3256.1
-143.4,48.469,3254.3
-143.37,48.49,3252.4
-143.34,48.51,3250.5
-143.31,48.531,3248.7
-143.28,48.551,3246.8
-143.25,48.572,3244.9
-143.22,48.593,3243.1
-143.19,48.613,3241.2
-143.16,48.634,3239.4
-143.13,48.655,3237.5
-143.1,48.675,3235.7
-143.07,48.696,3233.8
-143.04,48.717,3232
-143.01,48.737,3230.1
-142.98,48.758,3228.3
-142.94,48.779,3226.4
-142.91,48.799,3224.6
-142.88,48.82,3222.8
-142.85,48.841,3220.9
-142.82,48.862,3219.1
-142.79,48.882,3217.3
-142.76,48.903,3215.4
-142.73,48.924,3213.6
-142.69,48.944,3211.8
-142.66,48.965,3209.9
-142.63,48.986,3208.1
-142.6,49.007,3206.3
-142.57,49.027,3204.4
-142.54,49.048,3202.6
-142.51,49.069,3200.8
-142.47,49.09,3199
-142.44,49.111,3197.2
-142.41,49.131,3195.4
-142.38,49.152,3193.5
-142.35,49.173,3191.7
-142.31,49.194,3189.9
-142.28,49.214,3188.1
-142.25,49.235,3186.3
-142.22,49.256,3184.5
-142.19,49.277,3182.7
-142.15,49.298,3180.9
-142.12,49.319,3179.1
-142.09,49.339,3177.2
-142.06,49.36,3175.4
-142.02,49.381,3173.6
-141.99,49.402,3171.9
-141.96,49.423,3170.1
-141.93,49.443,3168.3
-141.89,49.464,3166.5
-141.86,49.485,3164.7
-141.83,49.506,3162.9
-141.8,49.527,3161.1
-141.76,49.548,3159.3
-141.73,49.568,3157.5
-141.7,49.589,3155.7
-141.67,49.61,3154
-141.63,49.631,3152.2
-141.6,49.652,3150.4
-141.57,49.673,3148.6
-141.53,49.694,3146.8
-141.5,49.714,3145.1
-141.47,49.735,3143.3
-141.43,49.756,3141.5
-141.4,49.777,3139.7
-141.37,49.798,3138
-141.33,49.819,3136.2
-141.3,49.84,3134.4
-141.27,49.861,3132.7
-141.23,49.882,3130.9
-141.2,49.903,3129.1
-141.17,49.924,3127.4
-141.13,49.944,3125.6
-141.1,49.965,3123.9
-141.07,49.986,3122.1
-141.03,50.007,3120.4
-141,50.028,3118.6
-140.96,50.049,3116.8
-140.93,50.07,3115.1
-140.9,50.091,3113.4
-140.86,50.112,3111.6
-140.83,50.133,3109.9
-140.79,50.154,3108.1
-140.76,50.175,3106.4
-140.72,50.196,3104.6
-140.69,50.217,3102.9
-140.66,50.238,3101.2
-140.62,50.258,3099.4
-140.59,50.279,3097.7
-140.55,50.3,3096
-140.52,50.321,3094.3
-140.48,50.342,3092.5
-140.45,50.363,3090.8
-140.41,50.384,3089.1
-140.38,50.405,3087.3
-140.34,50.426,3085.6
-140.31,50.447,3083.9
-140.28,50.468,3082.2
-140.24,50.489,3080.5
-140.2,50.51,3078.8
-140.17,50.531,3077
-140.13,50.552,3075.3
-140.1,50.573,3073.6
-140.06,50.594,3071.9
-140.03,50.615,3070.2
-139.99,50.636,3068.5
-139.96,50.657,3066.8
-139.92,50.678,3065.1
-139.89,50.699,3063.4
-139.85,50.72,3061.7
-139.82,50.741,3060
-139.78,50.762,3058.3
-139.74,50.783,3056.6
-139.71,50.804,3054.9
-139.67,50.825,3053.2
-139.64,50.846,3051.5
-139.6,50.867,3049.8
-139.56,50.888,3048.1
-139.53,50.909,3046.5
-139.49,50.93,3044.8
-139.46,50.951,3043.1
-139.42,50.972,3041.4
-139.38,50.993,3039.7
-139.35,51.014,3038.1
-139.31,51.035,3036.4
-139.28,51.056,3034.7
-139.24,51.077,3033
-139.2,51.098,3031.4
-139.17,51.119,3029.7
-139.13,51.14,3028
-139.09,51.161,3026.4
-139.06,51.182,3024.7
-139.02,51.204,3023
-138.98,51.225,3021.4
-138.94,51.246,3019.7
-138.91,51.266,3018.1
-138.87,51.287,3016.4
-138.83,51.309,3014.8
-138.8,51.33,3013.1
-138.76,51.351,3011.5
-138.72,51.372,3009.8
-138.68,51.393,3008.1
-138.65,51.414,3006.5
-138.61,51.435,3004.9
-138.57,51.456,3003.2
-138.54,51.477,3001.6
-138.5,51.498,2999.9
-138.46,51.519,2998.3
-138.42,51.54,2996.7
-138.38,51.561,2995
-138.35,51.582,2993.4
-138.31,51.603,2991.8
-138.27,51.624,2990.1
-138.23,51.645,2988.5
-138.19,51.666,2986.9
-138.16,51.687,2985.3
-138.12,51.708,2983.6
-138.08,51.729,2982
-138.04,51.75,2980.4
-138,51.771,2978.8
-137.97,51.792,2977.2
-137.93,51.814,2975.5
-137.89,51.835,2973.9
-137.85,51.856,2972.3
-137.81,51.877,2970.7
-137.77,51.898,2969.1
-137.73,51.919,2967.5
-137.69,51.94,2965.9
-137.66,51.961,2964.3
-137.62,51.982,2962.7
-137.58,52.003,2961.1
-137.54,52.024,2959.5
-137.5,52.045,2957.9
-137.46,52.066,2956.3
-137.42,52.087,2954.7
-137.38,52.108,2953.1
-137.34,52.129,2951.6
-137.3,52.15,2950
-137.26,52.171,2948.4
-137.22,52.192,2946.8
-137.18,52.213,2945.2
-137.15,52.234,2943.6
-137.11,52.255,2942.1
-137.07,52.276,2940.5
-137.03,52.297,2938.9
-136.99,52.318,2937.3
-136.95,52.339,2935.8
-136.91,52.36,2934.2
-136.87,52.381,2932.6
-136.83,52.402,2931.1
-136.79,52.423,2929.5
-136.75,52.444,2927.9
-136.71,52.465,2926.4
-136.66,52.486,2924.8
-136.62,52.507,2923.3
-136.58,52.528,2921.7
-136.54,52.549,2920.1
-136.5,52.57,2918.6
-136.46,52.591,2917
-136.42,52.612,2915.5
-136.38,52.633,2914
-136.34,52.654,2912.4
-136.3,52.675,2910.9
-136.26,52.696,2909.3
-136.22,52.717,2907.8
-136.18,52.738,2906.2
-136.13,52.759,2904.7
-136.09,52.78,2903.2
-136.05,52.801,2901.6
-136.01,52.822,2900.1
-135.97,52.843,2898.6
-135.93,52.864,2897
-135.89,52.885,2895.5
-135.84,52.906,2894
-135.8,52.927,2892.5
-135.76,52.948,2890.9
-135.72,52.969,2889.4
-135.68,52.989,2887.9
-135.64,53.01,2886.4
-135.59,53.031,2884.9
-135.55,53.052,2883.4
-135.51,53.073,2881.9
-135.47,53.094,2880.4
-135.42,53.115,2878.9
-135.38,53.136,2877.3
-135.34,53.157,2875.9
-135.3,53.178,2874.4
-135.26,53.199,2872.8
-135.21,53.22,2871.3
-135.17,53.24,2869.8
-135.13,53.261,2868.3
-135.08,53.282,2866.9
-135.04,53.303,2865.4
-135,53.324,2863.9
-134.96,53.345,2862.4
-134.91,53.366,2860.9
-134.87,53.387,2859.4
-134.83,53.408,2857.9
-134.78,53.428,2856.5
-134.74,53.449,2855
-134.7,53.47,2853.5
-134.65,53.491,2852
-134.61,53.512,2850.6
-134.57,53.533,2849.1
-134.52,53.553,2847.6
-134.48,53.574,2846.2
-134.44,53.595,2844.7
-134.39,53.616,2843.2
-134.35,53.637,2841.8
-134.3,53.657,2840.3
-134.26,53.678,2838.9
-134.22,53.699,2837.4
-134.17,53.72,2835.9
-134.13,53.741,2834.5
-134.08,53.761,2833
-134.04,53.782,2831.6
-133.99,53.803,2830.2
-133.95,53.824,2828.7
-133.9,53.845,2827.3
-133.86,53.865,2825.8
-133.82,53.886,2824.4
-133.77,53.907,2822.9
-133.73,53.927,2821.5
-133.68,53.948,2820.1
-133.64,53.969,2818.6
-133.59,53.99,2817.2
-133.55,54.01,2815.8
-133.5,54.031,2814.4
-133.46,54.052,2812.9
-133.41,54.073,2811.5
-133.37,54.093,2810.1
-133.32,54.114,2808.7
-133.27,54.135,2807.2
-133.23,54.155,2805.8
-133.18,54.176,2804.4
-133.14,54.196,2803
-133.09,54.217,2801.6
-133.05,54.238,2800.2
-133,54.258,2798.8
-132.95,54.279,2797.4
-132.91,54.299,2796
-132.86,54.32,2794.6
-132.81,54.341,2793.2
-132.77,54.361,2791.8
-132.72,54.382,2790.4
-132.68,54.403,2789
-132.63,54.423,2787.6
-132.58,54.444,2786.2
-132.54,54.464,2784.8
-132.49,54.485,2783.4
-132.44,54.505,2782.1
-132.4,54.526,2780.7
-132.35,54.547,2779.3
-132.3,54.567,2777.9
-132.25,54.588,2776.5
-132.21,54.608,2775.2
-132.16,54.629,2773.8
-132.11,54.649,2772.4
-132.07,54.67,2771
-132.02,54.69,2769.7
-131.97,54.71,2768.3
-131.92,54.731,2766.9
-131.88,54.751,2765.6
-131.83,54.772,2764.2
-131.78,54.792,2762.9
-131.73,54.813,2761.5
-131.68,54.833,2760.2
-131.64,54.853,2758.8
-131.59,54.874,2757.4
-131.54,54.894,2756.1
-131.49,54.915,2754.8
-131.44,54.935,2753.4
-131.4,54.955,2752.1
-131.35,54.976,2750.7
-131.3,54.996,2749.4
-131.25,55.017,2748
-131.2,55.037,2746.7
-131.15,55.057,2745.4
-131.1,55.077,2744.1
-131.06,55.098,2742.7
-131.01,55.118,2741.4
-130.96,55.138,2740.1
-130.91,55.159,2738.7
-130.86,55.179,2737.4
-130.81,55.199,2736.1
-130.76,55.219,2734.8
-130.71,55.24,2733.5
-130.66,55.26,2732.2
-130.61,55.28,2730.8
-130.56,55.3,2729.5
-130.51,55.32,2728.2
-130.46,55.341,2726.9
-130.41,55.361,2725.6
-130.36,55.381,2724.3
-130.31,55.401,2723
-130.26,55.421,2721.7
-130.21,55.441,2720.4
-130.16,55.462,2719.1
-130.11,55.482,2717.8
-130.06,55.502,2716.5
-130.01,55.522,2715.3
-129.96,55.542,2714
-129.91,55.562,2712.7
-129.86,55.582,2711.4
-129.81,55.602,2710.1
-129.76,55.622,2708.8
-129.71,55.642,2707.6
-129.66,55.662,2706.3
-129.61,55.682,2705
-129.55,55.702,2703.8
-129.5,55.722,2702.5
-129.45,55.742,2701.2
-129.4,55.762,2700
-129.35,55.782,2698.7
-129.3,55.802,2697.4
-129.25,55.822,2696.2
-129.19,55.842,2694.9
-129.14,55.862,2693.7
-129.09,55.882,2692.4
-129.04,55.901,2691.2
-128.99,55.921,2689.9
-128.93,55.941,2688.7
-128.88,55.961,2687.4
-128.83,55.981,2686.2
-128.78,56,2684.9
-128.73,56.02,2683.7
-128.67,56.04,2682.4
-128.62,56.06,2681.2
-128.57,56.08,2680
-128.52,56.099,2678.7
-128.46,56.119,2677.5
-128.41,56.139,2676.3
-128.36,56.159,2675.1
-128.3,56.178,2673.8
-128.25,56.198,2672.6
-128.2,56.218,2671.4
-128.14,56.237,2670.2
-128.09,56.257,2669
-128.04,56.276,2667.8
-127.98,56.296,2666.6
-127.93,56.316,2665.3
-127.88,56.335,2664.1
-127.82,56.355,2662.9
-127.77,56.374,2661.7
-127.72,56.394,2660.5
-127.66,56.413,2659.3
-127.61,56.433,2658.1
-127.55,56.452,2656.9
-127.5,56.472,2655.7
-127.45,56.491,2654.5
-127.39,56.511,2653.4
-127.34,56.53,2652.2
-127.28,56.55,2651
-127.23,56.569,2649.8
-127.17,56.588,2648.6
-127.12,56.608,2647.4
-127.06,56.627,2646.3
-127.01,56.646,2645.1
-126.95,56.665,2643.9
-126.9,56.685,2642.7
-126.84,56.704,2641.6
-126.79,56.723,2640.4
-126.73,56.743,2639.3
-126.68,56.762,2638.1
-126.62,56.781,2636.9
-126.57,56.8,2635.7
-126.51,56.82,2634.6
-126.46,56.839,2633.4
-126.4,56.858,2632.3
-126.34,56.877,2631.1
-126.29,56.896,2630
-126.23,56.915,2628.8
-126.18,56.934,2627.7
-126.12,56.953,2626.6
-126.06,56.972,2625.4
-126.01,56.991,2624.3
-125.95,57.01,2623.1
-125.89,57.029,2622
-125.84,57.048,2620.9
-125.78,57.068,2619.7
-125.72,57.087,2618.6
-125.67,57.105,2617.5
-125.61,57.124,2616.4
-125.55,57.143,2615.2
-125.5,57.162,2614.1
-125.44,57.181,2613
-125.38,57.2,2611.9
-125.32,57.218,2610.8
-125.27,57.237,2609.7
-125.21,57.256,2608.6
-125.15,57.275,2607.5
-125.09,57.293,2606.3
-125.04,57.312,2605.2
-124.98,57.331,2604.1
-124.92,57.35,2603
-124.86,57.369,2601.9
-124.8,57.387,2600.9
-124.74,57.406,2599.8
-124.69,57.424,2598.7
-124.63,57.443,2597.6
-124.57,57.462,2596.5
-124.51,57.48,2595.4
-124.45,57.499,2594.3
-124.39,57.517,2593.2
-124.34,57.536,2592.2
-124.28,57.554,2591.1
-124.22,57.573,2590
-124.16,57.591,2588.9
-124.1,57.61,2587.9
-124.04,57.628,2586.8
-123.98,57.646,2585.7
-123.92,57.665,2584.7
-123.86,57.683,2583.6
-123.8,57.701,2582.6
-123.74,57.72,2581.5
-123.68,57.738,2580.4
-123.62,57.756,2579.4
-123.56,57.775,2578.3
-123.5,57.793,2577.3
-123.44,57.811,2576.2
-123.38,57.829,2575.2
-123.32,57.847,2574.2
-123.26,57.865,2573.1
-123.2,57.883,2572.1
-123.14,57.902,2571
-123.08,57.92,2570
-123.02,57.938,2569
-122.96,57.956,2567.9
-122.9,57.974,2566.9
-122.84,57.992,2565.9
-122.78,58.01,2564.9
-122.72,58.028,2563.8
-122.66,58.046,2562.8
-122.59,58.064,2561.8
-122.53,58.081,2560.8
-122.47,58.099,2559.8
-122.41,58.117,2558.8
-122.35,58.135,2557.8
-122.29,58.153,2556.8
-122.22,58.17,2555.8
-122.16,58.188,2554.7
-122.1,58.206,2553.7
-122.04,58.224,2552.7
-121.98,58.241,2551.8
-121.92,58.259,2550.8
-121.85,58.276,2549.8
-121.79,58.294,2548.8
-121.73,58.312,2547.8
-121.67,58.329,2546.8
-121.6,58.347,2545.8
-121.54,58.364,2544.8
-121.48,58.382,2543.9
-121.41,58.399,2542.9
-121.35,58.417,2541.9
-121.29,58.434,2540.9
-121.23,58.451,2540
-121.16,58.469,2539
-121.1,58.486,2538
-121.04,58.503,2537.1
-120.97,58.521,2536.1
-120.91,58.538,2535.1
-120.84,58.555,2534.2
-120.78,58.572,2533.2
-120.72,58.589,2532.3
-120.65,58.607,2531.3
-120.59,58.624,2530.4
-120.53,58.641,2529.4
-120.46,58.658,2528.5
-120.4,58.675,2527.5
-120.33,58.692,2526.6
-120.27,58.709,2525.7
-120.2,58.726,2524.7
-120.14,58.743,2523.8
-120.07,58.76,2522.9
-120.01,58.777,2521.9
-119.94,58.794,2521
-119.88,58.81,2520.1
-119.81,58.827,2519.2
-119.75,58.844,2518.3
-119.68,58.861,2517.3
-119.62,58.878,2516.4
-119.55,58.894,2515.5
-119.49,58.911,2514.6
-119.42,58.928,2513.7
-119.36,58.944,2512.8
-119.29,58.961,2511.9
-119.23,58.977,2511
-119.16,58.994,2510.1
-119.09,59.011,2509.2
-119.03,59.027,2508.3
-118.96,59.043,2507.4
-118.9,59.06,2506.5
-118.83,59.076,2505.6
-118.76,59.093,2504.7
-118.7,59.109,2503.8
-118.63,59.126,2502.9
-118.56,59.142,2502
-118.5,59.158,2501.2
-118.43,59.174,2500.3
-118.36,59.19,2499.4
-118.3,59.207,2498.5
-118.23,59.223,2497.7
-118.16,59.239,2496.8
-118.09,59.255,2495.9
-118.03,59.271,2495.1
-117.96,59.287,2494.2
-117.89,59.303,2493.4
-117.82,59.319,2492.5
-117.76,59.335,2491.7
-117.69,59.351,2490.8
-117.62,59.367,2489.9
-117.55,59.382,2489.1
-117.49,59.399,2488.3
-117.42,59.414,2487.4
-117.35,59.43,2486.6
-117.28,59.446,2485.7
-117.21,59.461,2484.9
-117.14,59.477,2484.1
-117.07,59.493,2483.2
-117.01,59.508,2482.4
-116.94,59.524,2481.6
-116.87,59.539,2480.8
-116.8,59.555,2479.9
-116.73,59.57,2479.1
-116.66,59.586,2478.3
-116.59,59.601,2477.5
-116.52,59.617,2476.7
-116.45,59.632,2475.8
-116.38,59.647,2475
-116.31,59.663,2474.2
-116.25,59.678,2473.4
-116.18,59.693,2472.6
-116.11,59.708,2471.8
-116.04,59.723,2471
-115.97,59.739,2470.2
-115.9,59.754,2469.4
-115.83,59.769,2468.6
-115.76,59.784,2467.9
-115.69,59.799,2467.1
-115.62,59.814,2466.3
-115.54,59.829,2465.5
-115.47,59.844,2464.7
-115.4,59.859,2463.9
-115.33,59.873,2463.2
-115.26,59.888,2462.4
-115.19,59.903,2461.6
-115.12,59.918,2460.8
-115.05,59.933,2460.1
-114.98,59.947,2459.3
-114.91,59.962,2458.6
-114.84,59.976,2457.8
-114.76,59.991,2457
-114.69,60.005,2456.3
-114.62,60.02,2455.5
-114.55,60.034,2454.8
-114.48,60.049,2454
-114.41,60.063,2453.3
-114.33,60.078,2452.5
-114.26,60.092,2451.8
-114.19,60.106,2451.1
-114.12,60.12,2450.3
-114.05,60.135,2449.6
-113.97,60.149,2448.8
-113.9,60.163,2448.1
-113.83,60.177,2447.4
-113.76,60.191,2446.7
-113.68,60.205,2445.9
-113.61,60.219,2445.2
-113.54,60.233,2444.5
-113.47,60.247,2443.8
-113.39,60.261,2443.1
-113.32,60.275,2442.3
-113.25,60.289,2441.6
-113.17,60.302,2440.9
-113.1,60.316,2440.2
-113.03,60.33,2439.5
-112.95,60.344,2438.8
-112.88,60.358,2438.1
-112.81,60.371,2437.4
-112.73,60.384,2436.7
-112.66,60.398,2436
-112.59,60.412,2435.3
-112.51,60.425,2434.7
-112.44,60.439,2434
-112.36,60.452,2433.3
-112.29,60.465,2432.6
-112.21,60.479,2431.9
-112.14,60.492,2431.3
-112.07,60.505,2430.6
-111.99,60.518,2429.9
-111.92,60.532,2429.2
-111.84,60.545,2428.6
-111.77,60.558,2427.9
-111.69,60.571,2427.3
-111.62,60.584,2426.6
-111.54,60.597,2425.9
-111.47,60.609,2425.3
-111.39,60.622,2424.6
-111.32,60.636,2424
-111.24,60.648,2423.3
-111.17,60.661,2422.7
-111.09,60.674,2422
-111.02,60.686,2421.4
-110.94,60.699,2420.7
-110.86,60.712,2420.1
-110.79,60.724,2419.5
-110.71,60.737,2418.9
-110.64,60.749,2418.2
-110.56,60.762,2417.6
-110.49,60.774,2417
-110.41,60.786,2416.3
-110.33,60.799,2415.7
-110.26,60.811,2415.1
-110.18,60.823,2414.5
-110.1,60.836,2413.9
-110.03,60.848,2413.3
-109.95,60.86,2412.7
-109.87,60.872,2412
-109.8,60.884,2411.5
-109.72,60.896,2410.9
-109.64,60.908,2410.2
-109.57,60.92,2409.7
-109.49,60.932,2409.1
-109.41,60.944,2408.5
-109.33,60.956,2407.9
-109.26,60.967,2407.3
-109.18,60.979,2406.7
-109.1,60.991,2406.1
-109.03,61.002,2405.5
-108.95,61.014,2405
-108.87,61.026,2404.4
-108.79,61.037,2403.8
-108.71,61.049,2403.2
-108.64,61.06,2402.7
-108.56,61.071,2402.1
-108.48,61.083,2401.5
-108.4,61.094,2401
-108.32,61.105,2400.4
-108.25,61.116,2399.9
-108.17,61.128,2399.3
-108.09,61.139,2398.7
-108.01,61.15,2398.2
-107.93,61.161,2397.7
-107.85,61.172,2397.1
-107.77,61.183,2396.6
-107.7,61.194,2396
-107.62,61.205,2395.5
-107.54,61.216,2394.9
-107.46,61.226,2394.4
-107.38,61.237,2393.9
-107.3,61.248,2393.3
-107.22,61.258,2392.8
-107.14,61.269,2392.3
-107.06,61.28,2391.8
-106.98,61.29,2391.2
-106.9,61.301,2390.7
-106.82,61.311,2390.2
-106.75,61.321,2389.7
-106.67,61.332,2389.2
-106.59,61.342,2388.7
-106.51,61.352,2388.2
-106.43,61.363,2387.7
-106.35,61.373,2387.2
-106.27,61.383,2386.7
-106.19,61.393,2386.2
-106.11,61.403,2385.7
-106.03,61.413,2385.2
-105.94,61.423,2384.7
-105.86,61.433,2384.2
-105.78,61.443,2383.7
-105.7,61.452,2383.2
-105.62,61.462,2382.8
-105.54,61.472,2382.3
-105.46,61.482,2381.8
-105.38,61.491,2381.3
-105.3,61.501,2380.9
-105.22,61.51,2380.4
-105.14,61.52,2379.9
-105.06,61.529,2379.5
-104.98,61.539,2379
-104.9,61.548,2378.6
-104.81,61.557,2378.1
-104.73,61.567,2377.6
-104.65,61.576,2377.2
-104.57,61.585,2376.7
-104.49,61.594,2376.3
-104.41,61.603,2375.9
-104.33,61.612,2375.4
-104.24,61.621,2375
-104.16,61.63,2374.5
-104.08,61.639,2374.1
-104,61.648,2373.7
-103.92,61.656,2373.2
-103.83,61.665,2372.8
-103.75,61.674,2372.4
-103.67,61.682,2372
-103.59,61.691,2371.5
-103.51,61.7,2371.1
-103.42,61.708,2370.7
-103.34,61.717,2370.3
-103.26,61.725,2369.9
-103.18,61.733,2369.5
-103.09,61.742,2369.1
-103.01,61.75,2368.6
-102.93,61.758,2368.3
-102.85,61.766,2367.9
-102.76,61.774,2367.5
-102.68,61.782,2367.1
-102.6,61.79,2366.7
-102.52,61.798,2366.3
-102.43,61.806,2365.9
-102.35,61.814,2365.5
-102.27,61.822,2365.1
-102.18,61.83,2364.8
-102.1,61.837,2364.4
-102.02,61.845,2364
-101.93,61.853,2363.6
-101.85,61.86,2363.3
-101.77,61.868,2362.9
-101.68,61.875,2362.5
-101.6,61.883,2362.1
-101.52,61.89,2361.8
-101.43,61.897,2361.4
-101.35,61.905,2361.1
-101.27,61.912,2360.7
-101.18,61.919,2360.4
-101.1,61.926,2360
-101.01,61.933,2359.7
-100.93,61.94,2359.3
-100.85,61.947,2359
-100.76,61.954,2358.6
-100.68,61.961,2358.3
-100.6,61.968,2358
-100.51,61.975,2357.6
-100.43,61.981,2357.3
-100.34,61.988,2357
-100.26,61.995,2356.7
-100.17,62.001,2356.3
-100.09,62.008,2356
-100,62.014,2355.7
-99.921,62.021,2355.4
-99.836,62.027,2355.1
-99.751,62.034,2354.8
-99.667,62.04,2354.5
-99.582,62.046,2354.2
-99.497,62.052,2353.8
-99.413,62.058,2353.6
-99.328,62.064,2353.3
-99.243,62.07,2352.9
-99.158,62.076,2352.7
-99.074,62.082,2352.4
-98.988,62.088,2352.1
-98.903,62.094,2351.8
-98.819,62.099,2351.5
-98.733,62.105,2351.2
-98.648,62.111,2350.9
-98.563,62.116,2350.7
-98.478,62.122,2350.4
-98.393,62.128,2350.1
-98.307,62.133,2349.9
-98.222,62.139,2349.6
-98.137,62.144,2349.3
-98.051,62.149,2349.1
-97.966,62.154,2348.8
-97.88,62.159,2348.5
-97.795,62.165,2348.3
-97.709,62.17,2348
-97.624,62.175,2347.8
-97.538,62.18,2347.5
-97.452,62.185,2347.3
-97.367,62.189,2347
-97.281,62.194,2346.8
-97.195,62.199,2346.6
-97.109,62.204,2346.3
-97.024,62.208,2346.1
-96.937,62.213,2345.9
-96.852,62.218,2345.6
-96.766,62.222,2345.4
-96.68,62.227,2345.2
-96.594,62.231,2345
-96.508,62.235,2344.7
-96.421,62.24,2344.5
-96.336,62.244,2344.3
-96.25,62.248,2344.1
-96.163,62.252,2343.9
-96.077,62.256,2343.7
-95.991,62.26,2343.5
-95.904,62.264,2343.3
-95.818,62.268,2343.1
-95.732,62.272,2342.9
-95.645,62.276,2342.7
-95.559,62.28,2342.5
-95.473,62.283,2342.3
-95.386,62.287,2342.1
-95.3,62.291,2341.9
-95.214,62.294,2341.7
-95.127,62.298,2341.6
-95.04,62.301,2341.4
-94.954,62.305,2341.2
-94.867,62.308,2341
-94.781,62.311,2340.9
-94.694,62.314,2340.7
-94.607,62.317,2340.5
-94.521,62.321,2340.4
-94.434,62.324,2340.2
-94.347,62.327,2340.1
-94.261,62.33,2339.9
-94.174,62.333,2339.8
-94.087,62.336,2339.6
-94,62.338,2339.5
-93.913,62.341,2339.3
-93.826,62.344,2339.2
-93.74,62.346,2339
-93.653,62.349,2338.9
-93.565,62.351,2338.7
-93.479,62.354,2338.6
-93.391,62.356,2338.5
-93.305,62.359,2338.3
-93.218,62.361,2338.2
-93.13,62.363,2338.1
-93.044,62.365,2338
-92.957,62.368,2337.8
-92.869,62.37,2337.8
-92.782,62.372,2337.6
-92.695,62.374,2337.5
-92.608,62.375,2337.4
-92.521,62.378,2337.3
-92.434,62.379,2337.2
-92.347,62.381,2337.1
-92.26,62.383,2337
-92.173,62.384,2336.9
-92.085,62.386,2336.8
-91.998,62.388,2336.7
-91.911,62.389,2336.6
-91.823,62.391,2336.5
-91.736,62.392,2336.5
-91.649,62.393,2336.4
-91.562,62.394,2336.3
-91.475,62.396,2336.2
-91.387,62.397,2336.1
-91.3,62.398,2336
-91.213,62.399,2336
-91.126,62.4,2335.9
-91.038,62.401,2335.9
-90.951,62.402,2335.8
-90.864,62.403,2335.7
-90.776,62.404,2335.7
-90.689,62.404,2335.6
-90.602,62.405,2335.6
-90.514,62.406,2335.5
-90.427,62.406,2335.4
-90.339,62.407,2335.4
-90.252,62.407,2335.4
-90.164,62.408,2335.3
-90.077,62.408,2335.3
-89.99,62.408,2335.2
-89.902,62.408,2335.2
-89.815,62.409,2335.2
-89.727,62.409,2335.2
-89.64,62.409,2335.1
-89.552,62.409,2335.1
-89.465,62.409,2335.1
-89.378,62.409,2335.1
-89.29,62.409,2335
-89.203,62.408,2335
-89.116,62.408,2335
-89.028,62.408,2335
-88.941,62.407,2335
-88.854,62.407,2335
-88.766,62.407,2335
-88.679,62.406,2335
-88.592,62.405,2335
-88.504,62.405,2335
-88.417,62.404,2335
-88.329,62.403,2335
-88.242,62.403,2335
-88.154,62.402,2335
-88.067,62.401,2335.1
-87.98,62.4,2335.1
-87.892,62.399,2335.1
-87.805,62.398,2335.1
-87.718,62.397,2335.1
-87.63,62.395,2335.2
-87.543,62.394,2335.2
-87.456,62.393,2335.2
-87.369,62.392,2335.3
-87.281,62.39,2335.3
-87.194,62.389,2335.3
-87.107,62.387,2335.4
-87.02,62.386,2335.5
-86.932,62.384,2335.5
-86.845,62.382,2335.5
-86.757,62.381,2335.6
-86.67,62.379,2335.6
-86.583,62.377,2335.7
-86.496,62.375,2335.8
-86.409,62.373,2335.8
-86.322,62.371,2335.9
-86.234,62.369,2336
-86.147,62.367,2336
-86.061,62.365,2336.1
-85.974,62.362,2336.2
-85.886,62.36,2336.3
-85.799,62.358,2336.4
-85.712,62.356,2336.4
-85.625,62.353,2336.5
-85.538,62.351,2336.6
-85.451,62.348,2336.7
-85.364,62.346,2336.8
-85.277,62.343,2336.9
-85.19,62.34,2337
-85.103,62.337,2337.1
-85.017,62.335,2337.2
-84.929,62.332,2337.3
-84.843,62.329,2337.4
-84.756,62.326,2337.5
-84.669,62.323,2337.6
-84.582,62.32,2337.7
-84.496,62.317,2337.9
-84.408,62.313,2338
-84.322,62.31,2338.1
-84.235,62.307,2338.2
-84.148,62.303,2338.3
-84.062,62.3,2338.5
-83.975,62.297,2338.6
-83.888,62.293,2338.7
-83.802,62.289,2338.8
-83.716,62.286,2339
-83.629,62.282,2339.1
-83.542,62.279,2339.3
-83.456,62.275,2339.4
-83.369,62.271,2339.6
-83.283,62.267,2339.7
-83.197,62.263,2339.9
-83.11,62.259,2340
-83.024,62.255,2340.2
-82.938,62.251,2340.3
-82.851,62.247,2340.5
-82.765,62.243,2340.7
-82.679,62.238,2340.8
-82.592,62.234,2341
-82.506,62.23,2341.2
-82.421,62.225,2341.4
-82.334,62.221,2341.5
-82.248,62.216,2341.7
-82.162,62.212,2341.9
-82.076,62.207,2342.1
-81.99,62.202,2342.3
-81.904,62.197,2342.5
-81.818,62.193,2342.6
-81.732,62.188,2342.8
-81.647,62.183,2343
-81.561,62.178,2343.3
-81.475,62.173,2343.4
-81.39,62.168,2343.7
-81.303,62.163,2343.9
-81.218,62.158,2344.1
-81.133,62.153,2344.3
-81.047,62.147,2344.5
-80.961,62.142,2344.7
-80.876,62.136,2344.9
-80.79,62.131,2345.1
-80.705,62.126,2345.4
-80.62,62.12,2345.6
-80.534,62.114,2345.8
-80.449,62.109,2346
-80.364,62.103,2346.3
-80.278,62.097,2346.5
-80.193,62.092,2346.8
-80.108,62.086,2347
-80.023,62.08,2347.3
-79.938,62.074,2347.5
-79.853,62.068,2347.7
-79.767,62.062,2348
-79.683,62.056,2348.2
-79.598,62.05,2348.5
-79.513,62.043,2348.8
-79.428,62.037,2349
-79.344,62.031,2349.3
-79.258,62.025,2349.5
-79.174,62.018,2349.8
-79.089,62.012,2350.1
-79.005,62.005,2350.4
-78.92,61.999,2350.6
-78.836,61.992,2350.9
-78.751,61.985,2351.2
-78.667,61.979,2351.4
-78.583,61.972,2351.7
-78.498,61.965,2352
-78.414,61.958,2352.3
-78.33,61.951,2352.6
-78.245,61.944,2352.9
-78.161,61.937,2353.2
-78.077,61.93,2353.5
-77.993,61.923,2353.8
-77.909,61.916,2354.1
-77.825,61.909,2354.4
-77.741,61.901,2354.7
-77.658,61.894,2355
-77.574,61.887,2355.3
-77.49,61.879,2355.6
-77.406,61.872,2356
-77.323,61.864,2356.3
-77.239,61.857,2356.6
-77.156,61.849,2356.9
-77.072,61.842,2357.3
-76.989,61.834,2357.6
-76.905,61.826,2357.9
-76.822,61.818,2358.3
-76.739,61.81,2358.6
-76.656,61.803,2358.9
-76.573,61.795,2359.3
-76.489,61.787,2359.6
-76.406,61.778,2360
-76.324,61.77,2360.3
-76.241,61.762,2360.7
-76.158,61.754,2361
-76.075,61.746,2361.4
-75.992,61.738,2361.7
-75.909,61.729,2362.1
-75.827,61.721,2362.5
-75.744,61.712,2362.8
-75.662,61.704,2363.2
-75.579,61.695,2363.5
-75.497,61.686,2363.9
-75.414,61.678,2364.3
-75.332,61.669,2364.7
-75.25,61.66,2365
-75.167,61.652,2365.4
-75.086,61.643,2365.8
-75.004,61.634,2366.2
-74.921,61.625,2366.6
-74.84,61.616,2367
-74.758,61.607,2367.4
-74.676,61.598,2367.8
-74.594,61.589,2368.2
-74.513,61.58,2368.6
-74.431,61.571,2369
-74.349,61.561,2369.4
-74.268,61.552,2369.8
-74.187,61.543,2370.2
-74.105,61.533,2370.6
-74.024,61.524,2371
-73.943,61.514,2371.4
-73.861,61.505,2371.9
-73.78,61.495,2372.3
-73.699,61.485,2372.7
-73.618,61.476,2373.1
-73.537,61.466,2373.6
-73.456,61.456,2374
-73.376,61.446,2374.4
-73.295,61.437,2374.9
-73.214,61.427,2375.3
-73.134,61.417,2375.8
-73.053,61.406,2376.2
-72.972,61.397,2376.6
-72.892,61.387,2377.1
-72.811,61.376,2377.5
-72.731,61.366,2378
-72.651,61.356,2378.5
-72.571,61.346,2378.9
-72.491,61.335,2379.4
-72.411,61.325,2379.8
-72.331,61.315,2380.3
-72.251,61.304,2380.8
-72.171,61.294,2381.2
-72.091,61.283,2381.7
-72.012,61.272,2382.2
-71.932,61.262,2382.7
-71.852,61.251,2383.2
-71.773,61.24,2383.6
-71.694,61.23,2384.1
-71.614,61.219,2384.6
-71.535,61.208,2385.1
-71.456,61.197,2385.6
-71.377,61.186,2386.1
-71.298,61.175,2386.6
-71.219,61.164,2387.1
-71.14,61.153,2387.6
-71.061,61.142,2388.1
-70.982,61.131,2388.6
-70.904,61.119,2389.1
-70.825,61.108,2389.6
-70.746,61.097,2390.1
-70.668,61.086,2390.6
-70.589,61.074,2391.1
-70.511,61.063,2391.7
-70.433,61.051,2392.2
-70.355,61.04,2392.7
-70.277,61.028,2393.3
-70.199,61.017,2393.8
-70.121,61.005,2394.3
-70.043,60.993,2394.8
-69.965,60.982,2395.4
-69.888,60.97,2395.9
-69.81,60.958,2396.4
-69.732,60.946,2397
-69.655,60.934,2397.5
-69.578,60.922,2398.1
-69.5,60.91,2398.6
-69.423,60.898,2399.2
-69.346,60.886,2399.7
-69.268,60.874,2400.3
-69.191,60.862,2400.9
-69.115,60.85,2401.4
-69.037,60.838,2402
-68.96,60.825,2402.5
-68.884,60.813,2403.1
-68.807,60.801,2403.7
-68.73,60.788,2404.3
-68.654,60.776,2404.8
-68.577,60.763,2405.4
-68.501,60.751,2406
-68.425,60.738,2406.6
-68.349,60.726,2407.2
-68.272,60.713,2407.8
-68.196,60.7,2408.3
-68.12,60.688,2408.9
-68.044,60.675,2409.5
-67.969,60.662,2410.1
-67.893,60.649,2410.7
-67.817,60.636,2411.3
-67.741,60.624,2411.9
-67.666,60.61,2412.5
-67.591,60.598,2413.1
-67.516,60.585,2413.8
-67.44,60.571,2414.4
-67.365,60.558,2415
-67.29,60.545,2415.6
-67.215,60.532,2416.2
-67.14,60.519,2416.9
-67.065,60.506,2417.5
-66.99,60.492,2418.1
-66.915,60.479,2418.7
-66.841,60.465,2419.4
-66.766,60.452,2420
-66.691,60.439,2420.6
-66.617,60.425,2421.3
-66.543,60.412,2421.9
-66.468,60.398,2422.6
-66.395,60.384,2423.2
-66.321,60.371,2423.9
-66.246,60.357,2424.5
-66.173,60.343,2425.2
-66.099,60.33,2425.8
-66.025,60.316,2426.5
-65.951,60.302,2427.1
-65.878,60.288,2427.8
-65.805,60.274,2428.4
-65.731,60.26,2429.1
-65.657,60.246,2429.8
-65.584,60.232,2430.4
-65.511,60.218,2431.1
-65.438,60.204,2431.8
-65.365,60.19,2432.5
-65.292,60.176,2433.1
-65.219,60.162,2433.8
-65.146,60.147,2434.5
-65.074,60.133,2435.2
-65.001,60.119,2435.9
-64.929,60.104,2436.6
-64.856,60.09,2437.3
-64.783,60.076,2438
-64.711,60.061,2438.7
-64.639,60.047,2439.4
-64.567,60.032,2440.1
-64.495,60.018,2440.8
-64.423,60.003,2441.5
-64.351,59.989,2442.2
-64.28,59.974,2442.9
-64.208,59.959,2443.6
-64.136,59.945,2444.4
-64.065,59.93,2445.1
-63.994,59.915,2445.8
-63.922,59.9,2446.5
-63.851,59.885,2447.3
-63.78,59.87,2448
-63.708,59.855,2448.7
-63.638,59.84,2449.4
-63.567,59.825,2450.2
-63.495,59.81,2450.9
-63.425,59.795,2451.7
-63.354,59.78,2452.4
-63.284,59.765,2453.1
-63.213,59.75,2453.9
-63.143,59.735,2454.6
-63.072,59.719,2455.4
-63.003,59.704,2456.1
-62.932,59.689,2456.9
-62.862,59.674,2457.6
-62.792,59.658,2458.4
-62.722,59.643,2459.2
-62.652,59.627,2459.9
-62.582,59.612,2460.7
-62.513,59.596,2461.5
-62.443,59.581,2462.2
-62.374,59.565,2463
-62.305,59.549,2463.8
-62.235,59.534,2464.6
-62.166,59.518,2465.3
-62.097,59.503,2466.1
-62.028,59.487,2466.9
-61.959,59.471,2467.7
-61.89,59.455,2468.5
-61.821,59.439,2469.3
-61.752,59.424,2470.1
-61.684,59.408,2470.9
-61.615,59.392,2471.7
-61.547,59.376,2472.5
-61.478,59.36,2473.3
-61.41,59.344,2474.1
-61.342,59.328,2474.9
-61.274,59.312,2475.7
-61.206,59.296,2476.5
-61.138,59.28,2477.3
-61.07,59.264,2478.1
-61.002,59.247,2479
-60.934,59.231,2479.8
-60.867,59.215,2480.6
-60.799,59.199,2481.4
-60.732,59.182,2482.2
-60.665,59.166,2483.1
-60.597,59.15,2483.9
-60.53,59.133,2484.7
-60.463,59.117,2485.6
-60.396,59.1,2486.4
-60.329,59.084,2487.2
-60.263,59.067,2488.1
-60.195,59.051,2488.9
-60.129,59.034,2489.8
-60.062,59.017,2490.6
-59.996,59.001,2491.5
-59.93,58.984,2492.3
-59.863,58.967,2493.2
-59.797,58.951,2494.1
-59.731,58.934,2494.9
-59.665,58.918,2495.8
-59.599,58.901,2496.7
-59.533,58.884,2497.5
-59.467,58.867,2498.4
-59.401,58.85,2499.3
-59.336,58.833,2500.1
-59.27,58.816,2501
-59.205,58.799,2501.9
-59.14,58.782,2502.8
-59.074,58.765,2503.6
-59.009,58.748,2504.5
-58.944,58.731,2505.4
-58.879,58.714,2506.3
-58.814,58.697,2507.2
-58.749,58.68,2508.1
-58.685,58.663,2509
-58.62,58.645,2509.9
-58.555,58.628,2510.8
-58.491,58.611,2511.7
-58.427,58.594,2512.6
-58.362,58.576,2513.5
-58.298,58.559,2514.4
-58.234,58.542,2515.3
-58.17,58.524,2516.2
-58.106,58.507,2517.1
-58.042,58.489,2518.1
-57.978,58.472,2519
-57.915,58.454,2519.9
-57.851,58.437,2520.8
-57.787,58.42,2521.8
-57.724,58.402,2522.7
-57.661,58.384,2523.6
-57.597,58.367,2524.5
-57.534,58.349,2525.5
-57.471,58.331,2526.4
-57.408,58.314,2527.4
-57.345,58.296,2528.3
-57.282,58.278,2529.2
-57.219,58.26,2530.2
-57.157,58.243,2531.1
-57.094,58.225,2532.1
-57.031,58.207,2533
-56.969,58.189,2534
-56.907,58.171,2535
-56.845,58.154,2535.9
-56.782,58.136,2536.9
-56.72,58.118,2537.8
-56.658,58.1,2538.8
-56.596,58.082,2539.8
-56.534,58.064,2540.7
-56.473,58.045,2541.7
-56.411,58.028,2542.7
-56.35,58.009,2543.7
-56.288,57.991,2544.6
-56.227,57.973,2545.6
-56.165,57.955,2546.6
-56.104,57.937,2547.6
-56.043,57.919,2548.6
-55.982,57.9,2549.6
-55.921,57.882,2550.6
-55.86,57.864,2551.5
-55.799,57.846,2552.5
-55.738,57.827,2553.5
-55.678,57.809,2554.6
-55.617,57.791,2555.5
-55.557,57.772,2556.5
-55.497,57.754,2557.6
-55.436,57.735,2558.6
-55.376,57.717,2559.6
-55.316,57.699,2560.6
-55.256,57.68,2561.6
-55.196,57.661,2562.6
-55.136,57.643,2563.6
-55.076,57.624,2564.6
-55.017,57.606,2565.7
-54.957,57.587,2566.7
-54.897,57.569,2567.7
-54.838,57.55,2568.8
-54.779,57.531,2569.8
-54.719,57.513,2570.8
-54.66,57.494,2571.9
-54.601,57.475,2572.9
-54.542,57.457,2573.9
-54.483,57.438,2575
-54.425,57.419,2576
-54.365,57.4,2577.1
-54.307,57.382,2578.1
-54.248,57.363,2579.2
-54.19,57.344,2580.2
-54.131,57.325,2581.3
-54.073,57.306,2582.3
-54.015,57.287,2583.4
-53.957,57.268,2584.5
-53.899,57.249,2585.5
-53.84,57.23,2586.6
-53.782,57.211,2587.6
-53.725,57.192,2588.7
-53.667,57.173,2589.8
-53.609,57.154,2590.9
-53.551,57.135,2592
-53.494,57.116,2593
-53.437,57.097,2594.1
-53.38,57.078,2595.2
-53.322,57.059,2596.3
-53.265,57.04,2597.4
-53.208,57.02,2598.5
-53.151,57.001,2599.5
-53.094,56.982,2600.6
-53.037,56.963,2601.7
-52.98,56.944,2602.8
-52.923,56.924,2603.9
-52.867,56.905,2605
-52.81,56.886,2606.1
-52.754,56.866,2607.2
-52.697,56.847,2608.3
-52.641,56.828,2609.4
-52.585,56.808,2610.6
-52.529,56.789,2611.7
-52.473,56.769,2612.8
-52.417,56.75,2613.9
-52.361,56.731,2615
-52.306,56.711,2616.2
-52.25,56.692,2617.3
-52.194,56.672,2618.4
-52.138,56.653,2619.5
-52.083,56.633,2620.7
-52.028,56.614,2621.8
-51.972,56.594,2622.9
-51.917,56.575,2624.1
-51.862,56.555,2625.2
-51.807,56.536,2626.3
-51.752,56.516,2627.5
-51.697,56.496,2628.6
-51.642,56.477,2629.8
-51.587,56.457,2630.9
-51.533,56.437,2632.1
-51.478,56.418,2633.2
-51.424,56.398,2634.4
-51.369,56.378,2635.5
-51.315,56.359,2636.7
-51.261,56.339,2637.8
-51.207,56.319,2639
-51.152,56.299,2640.2
-51.098,56.279,2641.4
-51.044,56.26,2642.5
-50.991,56.24,2643.7
-50.937,56.22,2644.9
-50.883,56.2,2646
-50.829,56.18,2647.2
-50.776,56.16,2648.4
-50.722,56.141,2649.6
-50.669,56.121,2650.7
-50.616,56.101,2651.9
-50.563,56.081,2653.1
-50.509,56.061,2654.3
-50.456,56.041,2655.5
-50.403,56.021,2656.7
-50.351,56.001,2657.9
-50.298,55.981,2659.1
-50.245,55.961,2660.3
-50.192,55.941,2661.5
-50.14,55.921,2662.7
-50.087,55.901,2663.9
-50.035,55.881,2665.1
-49.983,55.861,2666.3
-49.93,55.84,2667.5
-49.878,55.82,2668.7
-49.826,55.8,2669.9
-49.774,55.78,2671.2
-49.722,55.76,2672.4
-49.67,55.74,2673.6
-49.618,55.719,2674.8
-49.566,55.699,2676.1
-49.515,55.679,2677.3
-49.463,55.659,2678.5
-49.412,55.639,2679.8
-49.36,55.618,2681
-49.309,55.598,2682.2
-49.258,55.578,2683.4
-49.206,55.558,2684.7
-49.155,55.538,2685.9
-49.104,55.517,2687.2
-49.053,55.497,2688.4
-49.002,55.476,2689.7
-48.952,55.456,2690.9
-48.901,55.436,2692.2
-48.85,55.416,2693.4
-48.8,55.395,2694.7
-48.749,55.375,2695.9
-48.699,55.354,2697.2
-48.648,55.334,2698.4
-48.598,55.314,2699.7
-48.548,55.293,2701
-48.498,55.272,2702.2
-48.448,55.252,2703.5
-48.398,55.232,2704.8
-48.348,55.211,2706.1
-48.298,55.191,2707.3
-48.248,55.171,2708.6
-48.198,55.15,2709.9
-48.149,55.129,2711.2
-48.099,55.109,2712.5
-48.05,55.088,2713.7
-48.001,55.068,2715
-47.951,55.047,2716.3
-47.902,55.027,2717.6
-47.853,55.006,2718.9
-47.804,54.986,2720.2
-47.755,54.965,2721.5
-47.706,54.944,2722.8
-47.657,54.924,2724.1
-47.608,54.903,2725.4
-47.56,54.883,2726.7
-47.511,54.862,2728
-47.462,54.841,2729.3
-47.414,54.821,2730.6
-47.365,54.8,2731.9
-47.317,54.779,2733.2
-47.269,54.759,2734.5
-47.221,54.738,2735.8
-47.173,54.717,2737.2
-47.124,54.696,2738.5
-47.077,54.676,2739.8
-47.029,54.655,2741.1
-46.981,54.635,2742.5
-46.933,54.614,2743.8
-46.885,54.593,2745.1
-46.837,54.572,2746.5
-46.79,54.551,2747.8
-46.743,54.531,2749.1
-46.695,54.51,2750.5
-46.648,54.489,2751.8
-46.601,54.468,2753.2
-46.553,54.447,2754.5
-46.506,54.427,2755.8
-46.459,54.406,2757.2
-46.412,54.385,2758.5
-46.365,54.364,2759.9
-46.319,54.343,2761.2
-46.272,54.323,2762.6
-46.225,54.302,2763.9
-46.178,54.281,2765.3
-46.132,54.26,2766.7
-46.086,54.239,2768
-46.039,54.218,2769.4
-45.993,54.197,2770.8
-45.947,54.176,2772.1
-45.9,54.155,2773.5
-45.854,54.134,2774.9
-45.808,54.114,2776.3
-45.762,54.093,2777.6
-45.716,54.072,2779
-45.67,54.051,2780.4
-45.625,54.03,2781.8
-45.579,54.009,2783.1
-45.533,53.988,2784.5
-45.487,53.967,2785.9
-45.442,53.946,2787.3
-45.396,53.925,2788.7
-45.351,53.904,2790.1
-45.306,53.883,2791.5
-45.261,53.862,2792.9
-45.216,53.841,2794.3
-45.171,53.82,2795.7
-45.126,53.799,2797.1
-45.08,53.778,2798.5
-45.036,53.757,2799.9
-44.991,53.736,2801.3
-44.946,53.715,2802.7
-44.902,53.694,2804.1
-44.857,53.673,2805.5
-44.812,53.652,2807
-44.768,53.63,2808.4
-44.723,53.609,2809.8
-44.679,53.588,2811.2
-44.635,53.567,2812.6
-44.59,53.546,2814.1
-44.546,53.525,2815.5
-44.503,53.504,2816.9
-44.459,53.483,2818.3
-44.414,53.462,2819.8
-44.37,53.441,2821.2
-44.327,53.419,2822.7
-44.283,53.399,2824.1
-44.239,53.377,2825.5
-44.196,53.356,2827
-44.152,53.335,2828.4
-44.109,53.314,2829.9
-44.066,53.293,2831.3
-44.022,53.271,2832.8
-43.979,53.25,2834.2
-43.935,53.229,2835.7
-43.892,53.208,2837.1
-43.849,53.187,2838.6
-43.806,53.166,2840
-43.763,53.145,2841.5
-43.72,53.123,2842.9
-43.678,53.102,2844.4
-43.635,53.081,2845.9
-43.592,53.06,2847.3
-43.55,53.039,2848.8
-43.507,53.017,2850.3
-43.464,52.996,2851.8
-43.422,52.975,2853.2
-43.38,52.954,2854.7
-43.337,52.933,2856.2
-43.295,52.911,2857.6
-43.253,52.89,2859.1
-43.211,52.869,2860.6
-43.169,52.848,2862.1
-43.127,52.826,2863.6
-43.085,52.805,2865.1
-43.043,52.784,2866.6
-43.001,52.763,2868.1
-42.96,52.741,2869.5
-42.918,52.72,2871.1
-42.876,52.699,2872.5
-42.835,52.678,2874
-42.793,52.656,2875.5
-42.752,52.635,2877.1
-42.71,52.614,2878.6
-42.669,52.593,2880
-42.628,52.571,2881.6
-42.587,52.55,2883.1
-42.546,52.529,2884.6
-42.505,52.507,2886.1
-42.464,52.486,2887.6
-42.423,52.465,2889.1
-42.382,52.444,2890.6
-42.341,52.422,2892.2
-42.301,52.401,2893.7
-42.26,52.38,2895.2
-42.219,52.359,2896.7
-42.178,52.337,2898.3
-42.138,52.316,2899.8
-42.098,52.295,2901.3
-42.057,52.273,2902.9
-42.017,52.252,2904.4
-41.977,52.231,2905.9
-41.937,52.209,2907.5
-41.897,52.188,2909
-41.857,52.167,2910.5
-41.817,52.146,2912.1
-41.776,52.124,2913.7
-41.737,52.103,2915.2
-41.697,52.082,2916.7
-41.657,52.06,2918.3
-41.617,52.039,2919.8
-41.578,52.018,2921.4
-41.538,51.996,2922.9
-41.499,51.975,2924.5
-41.459,51.954,2926.1
-41.42,51.932,2927.6
-41.381,51.911,2929.2
-41.341,51.89,2930.7
-41.302,51.868,2932.3
-41.263,51.847,2933.9
-41.224,51.826,2935.4
-41.185,51.804,2937
-41.146,51.783,2938.6
-41.107,51.762,2940.2
-41.068,51.74,2941.8
-41.029,51.719,2943.3
-40.99,51.698,2944.9
-40.952,51.676,2946.5
-40.913,51.655,2948.1
-40.875,51.634,2949.6
-40.836,51.612,2951.2
-40.798,51.591,2952.8
-40.759,51.57,2954.4
-40.721,51.548,2956
-40.683,51.527,2957.6
-40.645,51.506,2959.2
-40.606,51.484,2960.8
-40.568,51.463,2962.4
-40.53,51.442,2964
-40.492,51.42,2965.6
-40.454,51.399,2967.2
-40.416,51.377,2968.8
-40.378,51.356,2970.4
-40.341,51.335,2972
-40.303,51.313,2973.6
-40.265,51.292,2975.2
-40.228,51.271,2976.8
-40.19,51.25,2978.5
-40.153,51.228,2980.1
-40.115,51.207,2981.7
-40.078,51.185,2983.3
-40.041,51.164,2984.9
-40.004,51.143,2986.6
-39.967,51.121,2988.2
-39.929,51.1,2989.8
-39.892,51.079,2991.4
-39.855,51.057,2993.1
-39.818,51.036,2994.7
-39.781,51.015,2996.3
-39.744,50.993,2998
-39.707,50.972,2999.6
-39.671,50.951,3001.3
-39.634,50.929,3002.9
-39.597,50.908,3004.6
-39.561,50.887,3006.2
-39.524,50.865,3007.8
-39.488,50.844,3009.5
-39.451,50.823,3011.1
-39.415,50.802,3012.8
-39.379,50.78,3014.4
-39.342,50.759,3016.1
-39.306,50.737,3017.7
-39.27,50.716,3019.4
-39.234,50.695,3021
-39.198,50.674,3022.7
-39.162,50.652,3024.4
-39.126,50.631,3026
-39.09,50.61,3027.7
-39.055,50.588,3029.4
-39.019,50.567,3031
-38.983,50.546,3032.7
-38.947,50.524,3034.4
-38.912,50.503,3036.1
-38.876,50.482,3037.7
-38.841,50.46,3039.4
-38.805,50.439,3041.1
-38.77,50.418,3042.8
-38.734,50.396,3044.5
-38.699,50.375,3046.1
-38.664,50.354,3047.8
-38.628,50.333,3049.5
-38.593,50.311,3051.2
-38.558,50.29,3052.9
-38.523,50.269,3054.6
-38.488,50.247,3056.3
-38.454,50.226,3058
-38.418,50.205,3059.7
-38.384,50.184,3061.4
-38.349,50.162,3063
-38.314,50.141,3064.7
-38.279,50.12,3066.5
-38.245,50.099,3068.2
-38.21,50.077,3069.9
-38.176,50.056,3071.6
-38.141,50.035,3073.3
-38.107,50.013,3075
-38.072,49.992,3076.7
-38.038,49.971,3078.4
-38.004,49.95,3080.1
-37.97,49.929,3081.9
-37.935,49.907,3083.6
-37.901,49.886,3085.3
-37.867,49.865,3087
-37.833,49.844,3088.7
-37.799,49.822,3090.4
-37.765,49.801,3092.2
-37.732,49.78,3093.9
-37.698,49.759,3095.6
-37.664,49.737,3097.4
-37.63,49.716,3099.1
-37.597,49.695,3100.8
-37.563,49.674,3102.6
-37.529,49.653,3104.3
-37.496,49.632,3106.1
-37.462,49.61,3107.8
-37.429,49.589,3109.5
-37.396,49.568,3111.3
-37.362,49.547,3113
-37.329,49.525,3114.8
-37.296,49.504,3116.5
-37.263,49.483,3118.3
-37.23,49.462,3120
-37.196,49.441,3121.8
-37.163,49.42,3123.5
-37.131,49.398,3125.3
-37.098,49.377,3127
-37.065,49.356,3128.8
-37.032,49.335,3130.6
-36.999,49.314,3132.3
-36.966,49.293,3134.1
-36.934,49.271,3135.8
-36.901,49.25,3137.6
-36.868,49.229,3139.4
-36.836,49.208,3141.2
-36.803,49.187,3142.9
-36.771,49.166,3144.7
-36.739,49.145,3146.5
-36.706,49.124,3148.3
-36.674,49.102,3150
-36.642,49.081,3151.8
-36.609,49.06,3153.6
-36.577,49.039,3155.4
-36.545,49.018,3157.2
-36.513,48.997,3159
-36.481,48.976,3160.7
-36.449,48.955,3162.5
-36.417,48.934,3164.3
-36.385,48.913,3166.1
-36.354,48.892,3167.9
-36.322,48.87,3169.7
-36.29,48.849,3171.5
-36.259,48.828,3173.3
-36.227,48.807,3175.1
-36.195,48.786,3176.9
-36.164,48.765,3178.7
-36.132,48.744,3180.5
-36.101,48.723,3182.3
-36.069,48.702,3184.1
-36.038,48.681,3185.9
-36.007,48.66,3187.7
-35.975,48.639,3189.5
-35.944,48.618,3191.4
-35.913,48.597,3193.2
-35.882,48.576,3195
-35.851,48.555,3196.8
-35.82,48.534,3198.6
-35.789,48.513,3200.5
-35.758,48.492,3202.3
-35.727,48.471,3204.1
-35.696,48.45,3205.9
-35.665,48.429,3207.7
-35.634,48.408,3209.6
-35.604,48.387,3211.4
-35.573,48.366,3213.2
-35.542,48.345,3215.1
-35.512,48.324,3216.9
-35.481,48.303,3218.7
-35.451,48.282,3220.6
-35.42,48.261,3222.4
-35.39,48.24,3224.3
-35.359,48.22,3226.1
-35.329,48.199,3227.9
-35.298,48.178,3229.8
-35.268,48.157,3231.6
-35.238,48.136,3233.5
-35.208,48.115,3235.3
-35.178,48.094,3237.2
-35.148,48.073,3239
-35.118,48.052,3240.9
-35.088,48.032,3242.7
-35.058,48.011,3244.6
-35.028,47.99,3246.4
-34.998,47.969,3248.3
-34.968,47.948,3250.2
-34.938,47.927,3252
-34.909,47.906,3253.9
-34.879,47.885,3255.8
-34.849,47.865,3257.6
-34.82,47.844,3259.5
-34.79,47.823,3261.3
-34.761,47.802,3263.2
-34.731,47.781,3265.1
-34.702,47.761,3267
-34.672,47.74,3268.8
-34.643,47.719,3270.7
-34.614,47.698,3272.6
-34.585,47.678,3274.5
-34.555,47.657,3276.4
-34.526,47.636,3278.3
-34.497,47.615,3280.1
-34.468,47.595,3282
-34.439,47.574,3283.9
-34.41,47.553,3285.8
-34.381,47.532,3287.7
-34.352,47.511,3289.6
-34.323,47.491,3291.5
-34.294,47.47,3293.4
-34.265,47.449,3295.2
-34.236,47.429,3297.2
-34.208,47.408,3299
-34.179,47.387,3300.9
-34.15,47.367,3302.8
-34.122,47.346,3304.7
-34.093,47.325,3306.7
-34.065,47.304,3308.6
-34.036,47.284,3310.5
-34.008,47.263,3312.4
-33.979,47.242,3314.3
-33.951,47.222,3316.2
-33.923,47.201,3318.1
-33.894,47.18,3320
-33.866,47.16,3321.9
-33.838,47.139,3323.8
-33.81,47.119,3325.8
-33.782,47.098,3327.7
-33.754,47.078,3329.6
-33.725,47.057,3331.5
-33.697,47.036,3333.5
-33.67,47.016,3335.4
-33.642,46.995,3337.3
-33.614,46.974,3339.2
-33.586,46.954,3341.2
-33.558,46.933,3343.1
-33.53,46.913,3345
-33.503,46.892,3347
-33.475,46.872,3348.9
-33.447,46.851,3350.8
-33.42,46.831,3352.8
-33.392,46.81,3354.7
-33.365,46.79,3356.6
-33.337,46.769,3358.6
-33.309,46.749,3360.5
-33.282,46.728,3362.5
-33.255,46.708,3364.4
-33.227,46.687,3366.4
-33.2,46.667,3368.3
-33.173,46.646,3370.3
-33.146,46.626,3372.2
-33.119,46.605,3374.2
-33.091,46.585,3376.1
-33.064,46.565,3378.1
-33.037,46.544,3380
-33.01,46.524,3382
-32.983,46.503,3384
-32.956,46.483,3385.9
-32.93,46.463,3387.9
-32.902,46.442,3389.8
-32.876,46.422,3391.8
-32.849,46.401,3393.8
-32.822,46.381,3395.7
-32.795,46.361,3397.7
-32.769,46.34,3399.7
-32.742,46.32,3401.7
-32.715,46.299,3403.6
-32.689,46.279,3405.6
-32.662,46.259,3407.6
-32.636,46.239,3409.6
-32.609,46.218,3411.5
-32.583,46.198,3413.5
-32.557,46.178,3415.5
-32.53,46.157,3417.5
-32.504,46.137,3419.5
-32.477,46.117,3421.5
-32.451,46.097,3423.4
-32.425,46.076,3425.4
-32.399,46.056,3427.4
-32.373,46.036,3429.4
-32.347,46.015,3431.4
-32.32,45.995,3433.4
-32.294,45.975,3435.4
-32.268,45.955,3437.4
-32.243,45.934,3439.4
-32.217,45.914,3441.4
-32.191,45.894,3443.4
-32.165,45.874,3445.4
-32.139,45.854,3447.4
-32.113,45.834,3449.4
-32.087,45.813,3451.4
-32.062,45.793,3453.4
-32.036,45.773,3455.4
-32.01,45.753,3457.4
-31.985,45.733,3459.4
-31.959,45.713,3461.4
-31.934,45.693,3463.4
-31.908,45.672,3465.5
-31.883,45.652,3467.5
-31.857,45.632,3469.5
-31.832,45.612,3471.5
-31.806,45.592,3473.5
-31.781,45.572,3475.5
-31.756,45.552,3477.6
-31.731,45.532,3479.6
-31.706,45.512,3481.6
-31.68,45.492,3483.6
-31.655,45.472,3485.7
-31.63,45.452,3487.7
-31.605,45.432,3489.7
-31.58,45.412,3491.8
-31.555,45.392,3493.8
-31.53,45.372,3495.8
-31.505,45.352,3497.9
-31.48,45.332,3499.9
-31.455,45.312,3501.9
-31.43,45.292,3504
-31.406,45.272,3506
-31.381,45.252,3508
-31.356,45.232,3510.1
-31.332,45.212,3512.1
-31.307,45.192,3514.2
-31.282,45.172,3516.2
-31.257,45.152,3518.3
-31.233,45.132,3520.3
-31.208,45.112,3522.4
-31.184,45.093,3524.4
-31.159,45.073,3526.5
-31.135,45.053,3528.6
-31.111,45.033,3530.6
-31.086,45.013,3532.7
-31.062,44.993,3534.7
-31.038,44.973,3536.8
-31.013,44.953,3538.8
-30.989,44.934,3540.9
-30.965,44.914,3543
-30.941,44.894,3545
-30.917,44.874,3547.1
-30.893,44.854,3549.2
-30.868,44.835,3551.2
-30.844,44.815,3553.3
-30.82,44.795,3555.4
-30.796,44.775,3557.5
-30.772,44.756,3559.5
-30.748,44.736,3561.6
-30.725,44.716,3563.6
-30.701,44.696,3565.7
-30.677,44.677,3567.8
-30.653,44.657,3569.9
-30.63,44.637,3572
-30.606,44.617,3574.1
-30.582,44.598,3576.1
-30.559,44.578,3578.2
-30.535,44.559,3580.3
-30.511,44.539,3582.4
-30.487,44.519,3584.5
-30.464,44.499,3586.6
-30.441,44.48,3588.7
-30.417,44.46,3590.8
-30.394,44.441,3592.9
-30.37,44.421,3595
-30.347,44.401,3597.1
-30.324,44.382,3599.2
-30.3,44.362,3601.2
-30.277,44.343,3603.3
-30.254,44.323,3605.4
-30.231,44.304,3607.5
-30.207,44.284,3609.6
-30.184,44.264,3611.8
-30.161,44.245,3613.9
-30.138,44.225,3616
-30.115,44.206,3618.1
-30.092,44.186,3620.2
-30.069,44.167,3622.3
-30.046,44.147,3624.4
-30.023,44.128,3626.5
-30,44.108,3628.6
-29.977,44.089,3630.7
-29.954,44.069,3632.9
-29.932,44.05,3635
-29.909,44.031,3637.1
-29.886,44.011,3639.2
-29.863,43.992,3641.3
-29.841,43.972,3643.5
-29.818,43.953,3645.6
-29.795,43.934,3647.7
-29.773,43.914,3649.8
-29.75,43.895,3652
-29.728,43.875,3654.1
-29.705,43.856,3656.2
-29.682,43.837,3658.4
-29.66,43.818,3660.5
-29.638,43.798,3662.6
-29.615,43.779,3664.7
-29.593,43.759,3666.9
-29.571,43.74,3669
-29.549,43.721,3671.2
-29.526,43.702,3673.3
-29.504,43.682,3675.4
-29.482,43.663,3677.6
-29.459,43.644,3679.7
-29.437,43.624,3681.9
-29.415,43.605,3684
-29.393,43.586,3686.2
-29.371,43.567,3688.3
-29.349,43.547,3690.5
-29.327,43.528,3692.6
-29.305,43.509,3694.8
-29.283,43.49,3696.9
-29.261,43.471,3699.1
-29.239,43.451,3701.2
-29.217,43.432,3703.4
-29.196,43.413,3705.5
-29.174,43.394,3707.7
-29.152,43.375,3709.8
-29.13,43.356,3712
-29.108,43.337,3714.2
-29.087,43.318,3716.3
-29.065,43.298,3718.5
-29.043,43.279,3720.7
-29.022,43.26,3722.8
-29,43.241,3725
-28.979,43.222,3727.1
-28.957,43.203,3729.3
-28.936,43.184,3731.5
-28.914,43.165,3733.7
-28.893,43.146,3735.8
-28.871,43.127,3738
-28.85,43.108,3740.2
-28.828,43.089,3742.4
-28.807,43.07,3744.5
-28.786,43.051,3746.7
-28.765,43.032,3748.9
-28.743,43.013,3751.1
-28.722,42.994,3753.3
-28.701,42.975,3755.5
-28.68,42.956,3757.6
-28.659,42.937,3759.8
-28.638,42.918,3762
-28.616,42.899,3764.2
-28.595,42.88,3766.4
-28.575,42.862,3768.6
-28.554,42.843,3770.8
-28.533,42.824,3773
-28.511,42.805,3775.2
-28.491,42.786,3777.3
-28.47,42.767,3779.5
-28.449,42.748,3781.7
-28.428,42.73,3784
-28.407,42.71,3786.1
-28.387,42.692,3788.3
-28.366,42.673,3790.5
-28.345,42.654,3792.7
-28.324,42.635,3795
-28.304,42.617,3797.2
-28.283,42.598,3799.3
-28.262,42.579,3801.6
-28.242,42.56,3803.8
-28.221,42.542,3806
-28.201,42.523,3808.2
-28.18,42.504,3810.4
-28.16,42.485,3812.6
-28.139,42.467,3814.8
-28.119,42.448,3817
-28.098,42.429,3819.3
-28.078,42.411,3821.5
-28.058,42.392,3823.7
-28.037,42.373,3825.9
-28.017,42.355,3828.1
-27.997,42.336,3830.4
-27.976,42.317,3832.6
-27.956,42.299,3834.8
-27.936,42.28,3837
-27.916,42.262,3839.2
-27.896,42.243,3841.5
-27.876,42.224,3843.7
-27.855,42.206,3845.9
-27.835,42.187,3848.2
-27.815,42.169,3850.4
-27.795,42.15,3852.6
-27.775,42.132,3854.9
-27.755,42.113,3857.1
-27.735,42.095,3859.3
-27.716,42.076,3861.6
-27.696,42.058,3863.8
-27.675,42.039,3866
-27.656,42.021,3868.3
-27.636,42.002,3870.5
-27.616,41.984,3872.8
-27.596,41.965,3875
-27.577,41.947,3877.3
-27.557,41.928,3879.5
-27.537,41.91,3881.7
-27.517,41.892,3884
-27.498,41.873,3886.2
-27.478,41.855,3888.5
-27.459,41.836,3890.7
-27.439,41.818,3893
-27.419,41.8,3895.3
-27.4,41.781,3897.5
-27.381,41.763,3899.7
-27.361,41.744,3902
-27.342,41.726,3904.3
-27.322,41.708,3906.5
-27.303,41.689,3908.8
-27.283,41.671,3911
-27.264,41.653,3913.3
-27.245,41.635,3915.6
-27.225,41.616,3917.8
-27.206,41.598,3920.1
-27.187,41.58,3922.4
-27.168,41.562,3924.6
-27.148,41.543,3926.9
-27.129,41.525,3929.2
-27.11,41.507,3931.4
-27.091,41.489,3933.7
-27.072,41.47,3936
-27.053,41.452,3938.3
-27.034,41.434,3940.5
-27.015,41.416,3942.8
-26.996,41.398,3945.1
-26.977,41.38,3947.4
-26.958,41.361,3949.6
-26.939,41.343,3951.9
-26.92,41.325,3954.2
-26.901,41.307,3956.5
-26.882,41.289,3958.8
-26.863,41.271,3961
-26.845,41.253,3963.3
-26.826,41.235,3965.6
-26.807,41.217,3967.9
-26.788,41.199,3970.2
-26.769,41.181,3972.5
-26.751,41.162,3974.7
-26.732,41.144,3977
-26.713,41.126,3979.3
-26.695,41.108,3981.6
-26.676,41.09,3983.9
-26.657,41.072,3986.2
-26.639,41.054,3988.5
-26.621,41.036,3990.8
-26.602,41.019,3993.1
-26.583,41,3995.4
-26.565,40.983,3997.7
-26.546,40.965,4000
-26.528,40.947,4002.3
-26.509,40.929,4004.6
-26.491,40.911,4006.9
-26.473,40.893,4009.2
-26.454,40.875,4011.5
-26.436,40.857,4013.8
-26.418,40.839,4016.1
-26.399,40.821,4018.4
-26.381,40.804,4020.7
-26.363,40.786,4023.1
-26.345,40.768,4025.4
-26.327,40.75,4027.7
-26.309,40.732,4030
-26.29,40.715,4032.3
-26.272,40.697,4034.6
-26.254,40.679,4037
-26.236,40.661,4039.3
-26.218,40.643,4041.6
-26.2,40.626,4043.9
-26.182,40.608,4046.2
-26.164,40.59,4048.6
-26.146,40.572,4050.9
-26.128,40.555,4053.2
-26.11,40.537,4055.5
-26.092,40.519,4057.8
-26.074,40.502,4060.2
-26.057,40.484,4062.5
-26.039,40.466,4064.8
-26.021,40.448,4067.2
-26.003,40.431,4069.5
-25.985,40.413,4071.8
-25.968,40.396,4074.2
-25.95,40.378,4076.5
-25.932,40.36,4078.8
-25.915,40.343,4081.2
-25.897,40.325,4083.5
-25.879,40.308,4085.8
-25.862,40.29,4088.2
-25.844,40.273,4090.5
-25.827,40.255,4092.8
-25.809,40.237,4095.2
-25.791,40.22,4097.5
-25.774,40.202,4099.9
-25.756,40.185,4102.2
-25.739,40.167,4104.6
-25.722,40.15,4106.9
-25.704,40.132,4109.3
-25.687,40.115,4111.6
-25.669,40.097,4114
-25.652,40.08,4116.3
-25.635,40.062,4118.7
-25.617,40.045,4121
-25.6,40.028,4123.4
-25.583,40.01,4125.7
-25.566,39.993,4128.1
-25.548,39.975,4130.4
-25.531,39.958,4132.8
-25.514,39.941,4135.2
-25.497,39.923,4137.5
-25.48,39.906,4139.9
-25.462,39.888,4142.2
-25.445,39.871,4144.6
-25.428,39.854,4147
-25.411,39.836,4149.3
-25.394,39.819,4151.7
-25.377,39.802,4154.1
-25.36,39.784,4156.4
-25.343,39.767,4158.8
-25.326,39.75,4161.1
-25.309,39.733,4163.5
-25.292,39.715,4165.9
-25.275,39.698,4168.3
-25.258,39.681,4170.6
-25.242,39.664,4173
-25.225,39.646,4175.4
-25.208,39.629,4177.8
-25.191,39.612,4180.1
-25.174,39.595,4182.5
-25.157,39.578,4184.9
-25.141,39.561,4187.3
-25.124,39.543,4189.7
-25.107,39.526,4192
-25.091,39.509,4194.4
-25.074,39.492,4196.8
-25.057,39.475,4199.2
-25.041,39.458,4201.5
-25.024,39.441,4203.9
-25.007,39.424,4206.3
-24.991,39.407,4208.7
-24.974,39.389,4211.1
-24.958,39.372,4213.5
-24.942,39.355,4215.9
-24.925,39.338,4218.3
-24.908,39.321,4220.7
-24.892,39.304,4223.1
-24.876,39.287,4225.5
-24.859,39.27,4227.9
-24.843,39.253,4230.2
-24.826,39.236,4232.6
-24.81,39.219,4235
-24.794,39.202,4237.4
-24.778,39.185,4239.8
-24.761,39.168,4242.2
-24.745,39.151,4244.6
-24.729,39.134,4247
-24.712,39.117,4249.5
-24.696,39.1,4251.8
-24.68,39.084,4254.2
-24.664,39.067,4256.6
-24.648,39.05,4259.1
-24.632,39.033,4261.5
-24.616,39.016,4263.9
-24.599,38.999,4266.3
-24.583,38.982,4268.7
-24.567,38.966,4271.1
-24.551,38.949,4273.5
-24.535,38.932,4275.9
-24.519,38.915,4278.3
-24.503,38.898,4280.8
-24.487,38.882,4283.2
-24.471,38.865,4285.6
-24.455,38.848,4288
-24.439,38.831,4290.4
-24.423,38.814,4292.8
-24.408,38.798,4295.3
-24.392,38.781,4297.7
-24.376,38.764,4300.1
-24.36,38.747,4302.5
-24.344,38.731,4304.9
-24.328,38.714,4307.4
-24.313,38.697,4309.8
-24.297,38.681,4312.2
-24.281,38.664,4314.7
-24.265,38.647,4317.1
-24.25,38.631,4319.5
-24.234,38.614,4321.9
-24.218,38.598,4324.4
-24.203,38.581,4326.8
-24.187,38.564,4329.2
-24.172,38.548,4331.7
-24.156,38.531,4334.1
-24.14,38.515,4336.5
-24.125,38.498,4339
-24.109,38.481,4341.4
-24.094,38.465,4343.8
-24.078,38.448,4346.3
-24.063,38.432,4348.7
-24.047,38.415,4351.2
-24.032,38.399,4353.6
-24.017,38.382,4356
-24.001,38.366,4358.5
-23.986,38.349,4360.9
-23.97,38.333,4363.4
-23.955,38.316,4365.8
-23.94,38.3,4368.3
-23.924,38.284,4370.7
-23.909,38.267,4373.2
-23.894,38.251,4375.6
-23.879,38.234,4378.1
-23.863,38.218,4380.5
-23.848,38.201,4383
-23.833,38.185,4385.4
-23.818,38.169,4387.9
-23.803,38.152,4390.3
-23.787,38.136,4392.8
-23.772,38.12,4395.2
-23.757,38.103,4397.7
-23.742,38.087,4400.1
-23.727,38.071,4402.6
-23.712,38.054,4405.1
-23.697,38.038,4407.5
-23.682,38.022,4410
-23.667,38.005,4412.4
-23.652,37.989,4414.9
-23.637,37.973,4417.4
-23.622,37.957,4419.8
-23.607,37.94,4422.3
-23.592,37.924,4424.8
-23.577,37.908,4427.2
-23.562,37.892,4429.7
-23.547,37.875,4432.2
-23.532,37.859,4434.6
-23.517,37.843,4437.1
-23.503,37.827,4439.6
-23.488,37.811,4442
-23.473,37.794,4444.5
-23.458,37.778,4447
-23.443,37.762,4449.5
-23.429,37.746,4451.9
-23.414,37.73,4454.4
-23.399,37.714,4456.9
-23.384,37.698,4459.4
-23.37,37.682,4461.9
-23.355,37.665,4464.3
-23.341,37.649,4466.8
-23.326,37.633,4469.3
-23.311,37.617,4471.8
-23.297,37.601,4474.2
-23.282,37.585,4476.7
-23.267,37.569,4479.2
-23.253,37.553,4481.7
-23.238,37.537,4484.2
-23.224,37.521,4486.7
-23.209,37.505,4489.2
-23.195,37.489,4491.7
-23.18,37.473,4494.1
-23.166,37.457,4496.6
-23.152,37.441,4499.1
-23.137,37.425,4501.6
-23.123,37.409,4504.1
-23.108,37.394,4506.6
-23.094,37.377,4509.1
-23.08,37.362,4511.6
-23.065,37.346,4514.1
-23.051,37.33,4516.6
-23.037,37.314,4519.1
-23.022,37.298,4521.6
-23.008,37.282,4524.1
-22.994,37.266,4526.6
-22.98,37.251,4529.1
-22.965,37.235,4531.6
-22.951,37.219,4534.1
-22.937,37.203,4536.6
-22.923,37.187,4539.1
-22.909,37.172,4541.6
-22.894,37.156,4544.1
-22.88,37.14,4546.6
-22.866,37.124,4549.1
-22.852,37.108,4551.6
-22.838,37.093,4554.1
-22.824,37.077,4556.6
-22.81,37.061,4559.1
-22.796,37.045,4561.7
-22.782,37.03,4564.2
-22.768,37.014,4566.7
-22.754,36.998,4569.2
-22.74,36.983,4571.7
-22.726,36.967,4574.2
-22.712,36.951,4576.7
-22.698,36.936,4579.2
-22.684,36.92,4581.8
-22.67,36.904,4584.3
-22.656,36.889,4586.8
-22.642,36.873,4589.3
-22.629,36.858,4591.9
-22.615,36.842,4594.4
-22.601,36.826,4596.9
-22.587,36.811,4599.4
-22.573,36.795,4601.9
-22.56,36.78,4604.5
-22.546,36.764,4607
-22.532,36.749,4609.5
-22.518,36.733,4612
-22.505,36.717,4614.6
-22.491,36.702,4617.1
-22.477,36.686,4619.6
-22.464,36.671,4622.1
-22.45,36.655,4624.7
-22.436,36.64,4627.2
-22.423,36.624,4629.7
-22.409,36.609,4632.3
-22.396,36.594,4634.8
-22.382,36.578,4637.3
-22.368,36.563,4639.9
-22.355,36.547,4642.4
-22.341,36.532,4644.9
-22.328,36.517,4647.5
-22.314,36.501,4650
-22.301,36.486,4652.6
-22.287,36.47,4655.1
-22.274,36.455,4657.6
-22.26,36.44,4660.2
-22.247,36.424,4662.7
-22.234,36.409,4665.3
-22.22,36.394,4667.8
-22.207,36.378,4670.3
-22.193,36.363,4672.9
-22.18,36.348,4675.5
-22.167,36.332,4678
-22.153,36.317,4680.5
-22.14,36.302,4683.1
-22.127,36.286,4685.6
-22.113,36.271,4688.2
-22.1,36.256,4690.7
-22.087,36.241,4693.3
-22.074,36.226,4695.8
-22.06,36.21,4698.4
-22.047,36.195,4700.9
-22.034,36.18,4703.5
-22.021,36.165,4706
-22.007,36.15,4708.6
-21.994,36.134,4711.2
-21.981,36.119,4713.7
-21.968,36.104,4716.3
-21.955,36.089,4718.8
-21.942,36.074,4721.4
-21.929,36.059,4723.9
-21.916,36.043,4726.5
-21.903,36.028,4729.1
-21.89,36.013,4731.6
-21.877,35.998,4734.2
-21.864,35.983,4736.8
-21.851,35.968,4739.3
-21.838,35.953,4741.9
-21.825,35.938,4744.4
-21.812,35.923,4747
-21.799,35.908,4749.6
-21.786,35.893,4752.2
-21.773,35.878,4754.7
-21.76,35.863,4757.3
-21.747,35.848,4759.9
-21.734,35.833,4762.4
-21.721,35.818,4765
-21.709,35.803,4767.6
-21.696,35.788,4770.2
-21.683,35.773,4772.7
-21.67,35.758,4775.3
-21.657,35.743,4777.9
-21.644,35.728,4780.5
-21.632,35.713,4783
-21.619,35.698,4785.6
-21.606,35.683,4788.2
-21.593,35.668,4790.8
-21.581,35.654,4793.3
-21.568,35.639,4795.9
-21.555,35.624,4798.5
-21.543,35.609,4801.1
-21.53,35.594,4803.7
-21.518,35.579,4806.3
-21.505,35.564,4808.8
-21.492,35.55,4811.4
-21.48,35.535,4814
