1997-06-26T16:50:00.220      -7.52     58.67    -15.93     61.26  31.78849  -0.03 251.88
1997-06-26T16:50:04.220      -8.10     58.64    -15.84     61.28  31.78619  -0.03 251.90
1997-06-26T16:50:08.220      -8.08     58.62    -15.74     61.24  31.78389  -0.03 251.92
1997-06-26T16:50:12.220      -7.62     58.64    -15.68     61.17  31.78160  -0.03 251.94
1997-06-26T16:50:16.220      -7.54     58.73    -15.42     61.19  31.77931  -0.03 251.96
1997-06-26T16:50:20.220      -8.03     58.86    -15.39     61.37  31.77703  -0.03 251.98
1997-06-26T16:50:24.220      -8.31     58.88    -15.45     61.44  31.77476  -0.03 252.00
1997-06-26T16:50:28.220      -7.99     58.90    -15.43     61.41  31.77248  -0.03 252.03
1997-06-26T16:50:32.220      -7.41     58.88    -15.36     61.30  31.77022  -0.03 252.05
1997-06-26T16:50:36.220      -7.54     58.70    -15.45     61.17  31.76796  -0.03 252.07
1997-06-26T16:50:40.220      -8.15     58.45    -15.36     60.98  31.76570  -0.03 252.09
1997-06-26T16:50:44.220      -8.29     58.44    -15.34     60.99  31.76345  -0.03 252.11
1997-06-26T16:50:48.220      -7.85     58.50    -15.36     60.99  31.76120  -0.03 252.13
1997-06-26T16:50:52.220      -7.33     58.54    -15.19     60.92  31.75896  -0.03 252.15
1997-06-26T16:50:56.220      -7.57     58.44    -15.25     60.87  31.75672  -0.03 252.17
1997-06-26T16:51:00.220      -8.25     58.42    -15.27     60.94  31.75449  -0.03 252.19
1997-06-26T16:51:04.220      -8.51     58.29    -15.20     60.84  31.75227  -0.03 252.21
1997-06-26T16:51:08.220      -7.98     58.24    -15.05     60.68  31.75004  -0.03 252.23
1997-06-26T16:51:12.220      -7.75     58.34    -15.08     60.75  31.74783  -0.03 252.25
1997-06-26T16:51:16.220      -8.25     58.47    -15.06     60.94  31.74562  -0.03 252.27
1997-06-26T16:51:20.220      -8.90     58.46    -15.08     61.02  31.74341  -0.03 252.29
1997-06-26T16:51:24.220      -8.84     58.33    -15.00     60.88  31.74121  -0.03 252.31
1997-06-26T16:51:28.220      -8.18     58.24    -14.83     60.65  31.73902  -0.03 252.34
1997-06-26T16:51:32.220      -8.04     58.11    -14.73     60.49  31.73682  -0.03 252.36
1997-06-26T16:51:36.220      -8.75     58.10    -14.69     60.57  31.73464  -0.03 252.38
1997-06-26T16:51:40.220      -9.12     58.22    -14.74     60.74  31.73246  -0.03 252.40
1997-06-26T16:51:44.220      -8.72     58.10    -14.78     60.58  31.73028  -0.03 252.42
1997-06-26T16:51:48.220      -8.08     57.92    -14.62     60.28  31.72811  -0.03 252.44
1997-06-26T16:51:52.220      -8.14     57.79    -14.32     60.09  31.72595  -0.03 252.46
1997-06-26T16:51:56.220      -8.82     57.91    -14.35     60.31  31.72379  -0.03 252.48
1997-06-26T16:52:00.220      -9.14     58.06    -14.36     60.50  31.72163  -0.03 252.50
1997-06-26T16:52:04.220      -8.57     58.14    -14.33     60.49  31.71948  -0.03 252.52
1997-06-26T16:52:08.220      -8.21     58.17    -14.32     60.47  31.71733  -0.03 252.54
1997-06-26T16:52:12.220      -8.46     58.24    -14.30     60.56  31.71519  -0.03 252.56
1997-06-26T16:52:16.220      -9.09     58.08    -14.20     60.47  31.71306  -0.03 252.58
1997-06-26T16:52:20.220      -9.18     57.75    -14.14     60.16  31.71093  -0.03 252.60
1997-06-26T16:52:24.220      -8.56     57.76    -13.98     60.04  31.70881  -0.03 252.62
1997-06-26T16:52:28.220      -8.42     57.84    -13.93     60.09  31.70669  -0.03 252.65
1997-06-26T16:52:32.220      -8.84     58.08    -13.87     60.36  31.70457  -0.03 252.67
1997-06-26T16:52:36.220      -9.29     58.26    -13.86     60.61  31.70246  -0.03 252.69
1997-06-26T16:52:40.220      -9.20     58.29    -13.89     60.62  31.70036  -0.03 252.71
1997-06-26T16:52:44.220      -8.77     58.58    -13.95     60.85  31.69826  -0.03 252.73
1997-06-26T16:52:48.220      -8.77     58.67    -13.89     60.93  31.69616  -0.03 252.75
1997-06-26T16:52:52.220      -9.33     58.87    -13.74     61.16  31.69407  -0.03 252.77
1997-06-26T16:52:56.220      -9.83     58.77    -13.71     61.14  31.69199  -0.03 252.79
1997-06-26T16:53:00.220      -9.51     58.48    -13.46     60.75  31.68991  -0.03 252.81
1997-06-26T16:53:04.220      -8.89     58.19    -13.36     60.36  31.68784  -0.03 252.83
1997-06-26T16:53:08.220      -8.89     57.89    -13.19     60.04  31.68577  -0.03 252.85
1997-06-26T16:53:12.220      -9.40     57.58    -13.17     59.82  31.68370  -0.03 252.87
1997-06-26T16:53:16.220      -9.55     57.31    -13.03     59.54  31.68164  -0.03 252.89
1997-06-26T16:53:20.220      -9.13     57.30    -12.89     59.44  31.67959  -0.03 252.91
1997-06-26T16:53:24.220      -8.65     57.40    -12.79     59.44  31.67754  -0.03 252.94
1997-06-26T16:53:28.220      -8.91     57.50    -12.70     59.56  31.67550  -0.03 252.96
1997-06-26T16:53:32.220      -9.56     57.73    -12.64     59.86  31.67346  -0.03 252.98
1997-06-26T16:53:36.220      -9.76     57.96    -12.75     60.15  31.67143  -0.03 253.00
1997-06-26T16:53:40.220      -9.21     57.95    -12.76     60.05  31.66940  -0.03 253.02
1997-06-26T16:53:44.220      -8.89     57.78    -12.61     59.80  31.66738  -0.03 253.04
1997-06-26T16:53:48.220      -9.33     57.91    -12.40     59.95  31.66536  -0.03 253.06
1997-06-26T16:53:52.220      -9.98     58.07    -12.41     60.21  31.66335  -0.03 253.08
1997-06-26T16:53:56.220      -9.87     57.98    -12.42     60.11  31.66134  -0.03 253.10
1997-06-26T16:54:00.220      -9.30     57.88    -12.36     59.91  31.65933  -0.03 253.12
1997-06-26T16:54:04.220      -9.31     57.74    -12.22     59.75  31.65734  -0.03 253.14
1997-06-26T16:54:08.220      -9.90     57.74    -12.02     59.80  31.65534  -0.03 253.16
1997-06-26T16:54:12.220     -10.36     57.60    -11.98     59.74  31.65336  -0.03 253.18
1997-06-26T16:54:16.220     -10.07     57.60    -11.88     59.67  31.65137  -0.03 253.21
1997-06-26T16:54:20.220      -9.49     57.82    -11.80     59.77  31.64940  -0.03 253.23
1997-06-26T16:54:24.220      -9.57     57.90    -11.67     59.83  31.64742  -0.03 253.25
1997-06-26T16:54:28.220     -10.22     58.09    -11.68     60.12  31.64546  -0.03 253.27
1997-06-26T16:54:32.220     -10.43     58.24    -11.70     60.31  31.64350  -0.03 253.29
1997-06-26T16:54:36.220     -10.06     58.47    -11.59     60.45  31.64154  -0.03 253.31
1997-06-26T16:54:40.220      -9.60     58.71    -11.60     60.61  31.63959  -0.03 253.33
1997-06-26T16:54:44.220      -9.95     58.83    -11.52     60.77  31.63764  -0.03 253.35
1997-06-26T16:54:48.220     -10.72     59.06    -11.50     61.12  31.63570  -0.03 253.37
1997-06-26T16:54:52.220     -11.19     59.29    -11.47     61.41  31.63376  -0.03 253.39
1997-06-26T16:54:56.220     -10.75     59.97    -11.56     62.01  31.63183  -0.03 253.41
1997-06-26T16:55:00.220     -10.46     60.57    -11.67     62.56  31.62991  -0.03 253.43
1997-06-26T16:55:04.220     -10.96     60.98    -11.58     63.03  31.62799  -0.03 253.45
1997-06-26T16:55:08.220     -11.68     60.78    -11.52     62.96  31.62607  -0.03 253.48
1997-06-26T16:55:12.220     -11.51     60.30    -11.35     62.43  31.62416  -0.03 253.50
1997-06-26T16:55:16.220     -10.61     59.73    -11.31     61.71  31.62225  -0.03 253.52
1997-06-26T16:55:20.220     -10.26     59.04    -11.06     60.93  31.62035  -0.03 253.54
1997-06-26T16:55:24.220     -10.54     58.41    -10.94     60.35  31.61846  -0.03 253.56
1997-06-26T16:55:28.220     -10.80     58.06    -10.90     60.05  31.61657  -0.03 253.58
1997-06-26T16:55:32.220     -10.38     57.76    -10.92     59.69  31.61468  -0.03 253.60
1997-06-26T16:55:36.220      -9.69     57.45    -10.70     59.24  31.61280  -0.03 253.62
1997-06-26T16:55:40.220      -9.58     57.29    -10.41     59.01  31.61092  -0.03 253.64
1997-06-26T16:55:44.220     -10.14     57.46    -10.38     59.26  31.60905  -0.03 253.66
1997-06-26T16:55:48.220     -10.37     57.33    -10.54     59.20  31.60719  -0.03 253.68
1997-06-26T16:55:52.220      -9.98     57.30    -10.37     59.08  31.60533  -0.03 253.70
1997-06-26T16:55:56.220      -9.57     57.35    -10.35     59.06  31.60348  -0.03 253.73
1997-06-26T16:56:00.220      -9.88     57.25    -10.23     58.99  31.60163  -0.03 253.75
1997-06-26T16:56:04.220     -10.55     57.10    -10.17     58.95  31.59978  -0.03 253.77
1997-06-26T16:56:08.220     -10.80     56.96    -10.03     58.84  31.59794  -0.03 253.79
1997-06-26T16:56:12.220     -10.26     56.93     -9.85     58.68  31.59611  -0.03 253.81
1997-06-26T16:56:16.220     -10.01     57.17     -9.98     58.89  31.59428  -0.03 253.83
1997-06-26T16:56:20.220     -10.41     57.44    -10.03     59.24  31.59246  -0.03 253.85
1997-06-26T16:56:24.220     -11.07     57.74    -10.09     59.65  31.59064  -0.03 253.87
1997-06-26T16:56:28.220     -11.13     57.91    -10.09     59.82  31.58882  -0.03 253.89
1997-06-26T16:56:32.220     -10.43     57.89     -9.95     59.66  31.58702  -0.03 253.91
1997-06-26T16:56:36.220     -10.24     57.76     -9.89     59.49  31.58521  -0.03 253.93
1997-06-26T16:56:40.220     -10.74     57.84     -9.77     59.63  31.58341  -0.03 253.96
1997-06-26T16:56:44.220     -11.19     57.76     -9.66     59.63  31.58162  -0.03 253.98
1997-06-26T16:56:48.220     -11.07     57.95     -9.57     59.77  31.57983  -0.03 254.00
1997-06-26T16:56:52.220     -10.51     58.29     -9.72     60.03  31.57805  -0.03 254.02
1997-06-26T16:56:56.220     -10.63     58.48     -9.74     60.23  31.57627  -0.03 254.04
1997-06-26T16:57:00.219     -11.33     58.68     -9.77     60.56  31.57450  -0.03 254.06
1997-06-26T16:57:04.219     -11.65     58.91     -9.71     60.83  31.57273  -0.03 254.08
1997-06-26T16:57:08.219     -11.16     58.97     -9.68     60.80  31.57097  -0.03 254.10
1997-06-26T16:57:12.219     -10.67     59.09     -9.72     60.82  31.56921  -0.03 254.12
1997-06-26T16:57:16.219     -11.00     59.20     -9.63     60.98  31.56746  -0.03 254.14
1997-06-26T16:57:20.219     -11.74     59.23     -9.64     61.15  31.56572  -0.03 254.16
1997-06-26T16:57:24.219     -11.99     59.13     -9.61     61.09  31.56397  -0.03 254.18
1997-06-26T16:57:28.219     -11.49     58.93     -9.53     60.79  31.56224  -0.03 254.21
1997-06-26T16:57:32.219     -11.08     58.78     -9.44     60.55  31.56051  -0.03 254.23
1997-06-26T16:57:36.219     -11.45     58.73     -9.12     60.53  31.55878  -0.03 254.25
1997-06-26T16:57:40.219     -12.16     58.68     -9.04     60.60  31.55706  -0.03 254.27
1997-06-26T16:57:44.219     -12.21     58.36     -9.01     60.30  31.55534  -0.03 254.29
1997-06-26T16:57:48.219     -11.45     57.74     -8.87     59.53  31.55363  -0.03 254.31
1997-06-26T16:57:52.219     -11.28     57.69     -8.81     59.43  31.55193  -0.03 254.33
1997-06-26T16:57:56.219     -11.88     58.04     -8.71     59.88  31.55023  -0.03 254.35
1997-06-26T16:58:00.219     -12.43     57.78     -8.84     59.76  31.54853  -0.02 254.37
1997-06-26T16:58:04.219     -12.12     57.87     -8.62     59.75  31.54684  -0.02 254.39
1997-06-26T16:58:08.219     -11.59     58.09     -8.51     59.84  31.54516  -0.02 254.41
1997-06-26T16:58:12.219     -11.53     57.93     -8.46     59.67  31.54348  -0.02 254.44
1997-06-26T16:58:16.219     -11.98     57.86     -8.42     59.69  31.54180  -0.02 254.46
1997-06-26T16:58:20.219     -12.29     57.72     -8.18     59.58  31.54013  -0.02 254.48
1997-06-26T16:58:24.219     -11.83     57.68     -8.05     59.43  31.53847  -0.02 254.50
1997-06-26T16:58:28.219     -11.27     57.63     -8.07     59.27  31.53681  -0.02 254.52
1997-06-26T16:58:32.219     -11.45     57.58     -7.96     59.24  31.53515  -0.02 254.54
1997-06-26T16:58:36.219     -12.13     57.81     -7.79     59.58  31.53350  -0.02 254.56
1997-06-26T16:58:40.219     -12.41     58.10     -7.83     59.92  31.53186  -0.02 254.58
1997-06-26T16:58:44.219     -11.95     57.96     -7.53     59.65  31.53022  -0.02 254.60
1997-06-26T16:58:48.219     -11.56     58.10     -7.66     59.73  31.52859  -0.02 254.62
1997-06-26T16:58:52.219     -11.97     58.45     -7.56     60.14  31.52696  -0.02 254.65
1997-06-26T16:58:56.219     -12.71     58.60     -7.53     60.43  31.52534  -0.02 254.67
1997-06-26T16:59:00.219     -12.70     58.55     -7.48     60.38  31.52372  -0.02 254.69
1997-06-26T16:59:04.219     -12.07     58.47     -7.42     60.16  31.52211  -0.02 254.71
1997-06-26T16:59:08.219     -11.85     58.47     -7.44     60.12  31.52050  -0.02 254.73
1997-06-26T16:59:12.219     -12.18     58.58     -7.33     60.28  31.51890  -0.02 254.75
1997-06-26T16:59:16.219     -12.65     58.55     -7.17     60.33  31.51730  -0.02 254.77
1997-06-26T16:59:20.219     -12.51     58.50     -7.27     60.26  31.51571  -0.02 254.79
1997-06-26T16:59:24.219     -11.92     58.57     -7.31     60.21  31.51412  -0.02 254.81
1997-06-26T16:59:28.219     -11.77     58.37     -6.99     59.95  31.51254  -0.02 254.83
1997-06-26T16:59:32.219     -12.36     58.17     -6.81     59.86  31.51096  -0.02 254.85
1997-06-26T16:59:36.219     -12.89     57.93     -6.73     59.73  31.50939  -0.02 254.88
1997-06-26T16:59:40.219     -12.52     57.80     -6.64     59.51  31.50782  -0.02 254.90
1997-06-26T16:59:44.219     -12.07     57.90     -6.63     59.52  31.50626  -0.02 254.92
1997-06-26T16:59:48.219     -12.23     57.93     -6.47     59.56  31.50471  -0.02 254.94
1997-06-26T16:59:52.219     -12.69     57.84     -6.49     59.57  31.50315  -0.02 254.96
1997-06-26T16:59:56.219     -13.03     57.78     -6.46     59.58  31.50161  -0.02 254.98
1997-06-26T17:00:00.219     -12.52     57.70     -6.29     59.38  31.50007  -0.02 255.00
1997-06-26T17:00:04.219     -12.19     57.95     -6.36     59.56  31.49853  -0.02 255.02
1997-06-26T17:00:08.219     -12.45     57.78     -6.37     59.45  31.49700  -0.02 255.04
1997-06-26T17:00:12.219     -12.81     56.86     -6.15     58.60  31.49548  -0.02 255.06
1997-06-26T17:00:16.219     -12.97     56.72     -5.97     58.49  31.49396  -0.02 255.09
1997-06-26T17:00:20.219     -12.45     57.54     -5.99     59.17  31.49244  -0.02 255.11
1997-06-26T17:00:24.219     -12.40     58.06     -5.93     59.67  31.49093  -0.02 255.13
1997-06-26T17:00:28.219     -12.86     58.20     -5.79     59.88  31.48943  -0.02 255.15
1997-06-26T17:00:32.219     -13.54     58.01     -5.76     59.85  31.48793  -0.02 255.17
1997-06-26T17:00:36.219     -13.47     58.07     -5.65     59.87  31.48644  -0.02 255.19
1997-06-26T17:00:40.219     -12.94     58.55     -5.72     60.23  31.48495  -0.02 255.21
1997-06-26T17:00:44.219     -12.81     58.99     -5.75     60.64  31.48347  -0.02 255.23
1997-06-26T17:00:48.219     -13.29     59.06     -5.67     60.80  31.48199  -0.02 255.25
1997-06-26T17:00:52.219     -13.65     58.78     -5.34     60.58  31.48051  -0.02 255.28
1997-06-26T17:00:56.219     -13.19     58.77     -5.27     60.46  31.47904  -0.02 255.30
1997-06-26T17:01:00.219     -12.55     58.66     -5.31     60.22  31.47758  -0.02 255.32
1997-06-26T17:01:04.219     -12.43     57.98     -5.08     59.51  31.47612  -0.02 255.34
1997-06-26T17:01:08.219     -12.81     57.24     -4.97     58.87  31.47467  -0.02 255.36
1997-06-26T17:01:12.219     -13.14     57.58     -4.99     59.27  31.47322  -0.02 255.38
1997-06-26T17:01:16.219     -12.66     57.76     -5.05     59.35  31.47178  -0.02 255.40
1997-06-26T17:01:20.219     -12.43     58.51     -4.86     60.01  31.47034  -0.02 255.42
1997-06-26T17:01:24.219     -12.85     59.14     -4.81     60.71  31.46891  -0.02 255.44
1997-06-26T17:01:28.219     -13.61     59.41     -4.67     61.13  31.46749  -0.02 255.46
1997-06-26T17:01:32.219     -13.65     59.08     -4.64     60.81  31.46607  -0.02 255.49
1997-06-26T17:01:36.219     -12.92     58.97     -4.63     60.54  31.46465  -0.02 255.51
1997-06-26T17:01:40.219     -12.65     59.03     -4.64     60.55  31.46324  -0.02 255.53
1997-06-26T17:01:44.219     -13.03     59.23     -4.43     60.81  31.46183  -0.02 255.55
1997-06-26T17:01:48.219     -13.59     59.13     -4.41     60.84  31.46043  -0.02 255.57
1997-06-26T17:01:52.219     -13.35     58.81     -4.45     60.47  31.45904  -0.02 255.59
1997-06-26T17:01:56.219     -12.57     58.16     -4.57     59.68  31.45765  -0.02 255.61
1997-06-26T17:02:00.219     -12.21     57.45     -4.59     58.91  31.45626  -0.02 255.63
1997-06-26T17:02:04.219     -12.64     57.48     -4.29     59.01  31.45488  -0.02 255.65
1997-06-26T17:02:08.219     -13.10     57.97     -3.93     59.57  31.45351  -0.02 255.67
1997-06-26T17:02:12.219     -12.77     58.37     -4.09     59.89  31.45214  -0.02 255.70
1997-06-26T17:02:16.219     -12.12     58.56     -4.18     59.95  31.45077  -0.02 255.72
1997-06-26T17:02:20.219     -12.12     58.34     -4.01     59.72  31.44941  -0.02 255.74
1997-06-26T17:02:24.219     -12.66     58.34     -3.91     59.83  31.44806  -0.02 255.76
1997-06-26T17:02:28.219     -13.14     58.56     -3.89     60.14  31.44671  -0.02 255.78
1997-06-26T17:02:32.219     -12.82     58.64     -3.80     60.14  31.44537  -0.02 255.80
1997-06-26T17:02:36.219     -12.40     58.73     -3.79     60.15  31.44403  -0.02 255.82
1997-06-26T17:02:40.219     -12.60     58.80     -3.65     60.25  31.44270  -0.02 255.84
1997-06-26T17:02:44.219     -13.23     58.89     -3.57     60.46  31.44137  -0.02 255.86
1997-06-26T17:02:48.219     -13.40     59.01     -3.62     60.62  31.44004  -0.02 255.89
1997-06-26T17:02:52.219     -12.85     59.07     -3.51     60.55  31.43873  -0.02 255.91
1997-06-26T17:02:56.219     -12.63     59.05     -3.49     60.48  31.43742  -0.02 255.93
1997-06-26T17:03:00.219     -12.97     59.04     -3.23     60.54  31.43611  -0.02 255.95
1997-06-26T17:03:04.219     -13.45     58.95     -3.20     60.55  31.43481  -0.02 255.97
1997-06-26T17:03:08.219     -13.33     58.85     -3.27     60.43  31.43351  -0.02 255.99
1997-06-26T17:03:12.219     -12.65     58.80     -3.35     60.24  31.43222  -0.02 256.01
1997-06-26T17:03:16.219     -12.54     58.66     -3.19     60.07  31.43093  -0.02 256.03
1997-06-26T17:03:20.219     -13.00     58.65     -2.95     60.15  31.42965  -0.02 256.05
1997-06-26T17:03:24.219     -13.45     58.60     -2.87     60.19  31.42838  -0.02 256.08
1997-06-26T17:03:28.219     -13.14     58.56     -2.87     60.08  31.42710  -0.02 256.10
1997-06-26T17:03:32.219     -12.50     58.68     -2.93     60.06  31.42584  -0.02 256.12
1997-06-26T17:03:36.219     -12.52     58.64     -2.80     60.03  31.42458  -0.02 256.14
1997-06-26T17:03:40.219     -13.10     58.66     -2.65     60.16  31.42332  -0.02 256.16
1997-06-26T17:03:44.219     -13.46     58.52     -2.51     60.11  31.42207  -0.02 256.18
1997-06-26T17:03:48.219     -12.93     58.47     -2.48     59.93  31.42083  -0.02 256.20
1997-06-26T17:03:52.219     -12.40     58.65     -2.63     60.01  31.41959  -0.02 256.22
1997-06-26T17:03:56.219     -12.60     58.72     -2.54     60.11  31.41835  -0.02 256.24
1997-06-26T17:04:00.219     -13.24     58.79     -2.47     60.32  31.41713  -0.02 256.27
1997-06-26T17:04:04.219     -13.38     58.83     -2.38     60.38  31.41590  -0.02 256.29
1997-06-26T17:04:08.219     -12.75     58.90     -2.32     60.31  31.41468  -0.02 256.31
1997-06-26T17:04:12.219     -12.44     59.11     -2.31     60.45  31.41347  -0.02 256.33
1997-06-26T17:04:16.219     -12.83     59.44     -2.20     60.85  31.41226  -0.02 256.35
1997-06-26T17:04:20.219     -13.41     59.50     -2.16     61.03  31.41106  -0.02 256.37
1997-06-26T17:04:24.219     -13.32     59.29     -2.11     60.81  31.40986  -0.02 256.39
1997-06-26T17:04:28.219     -12.59     59.21     -2.15     60.57  31.40867  -0.02 256.41
1997-06-26T17:04:32.219     -12.43     59.29     -2.23     60.62  31.40748  -0.02 256.43
1997-06-26T17:04:36.219     -12.88     59.34     -2.20     60.76  31.40630  -0.02 256.46
1997-06-26T17:04:40.219     -13.22     59.23     -2.10     60.73  31.40512  -0.02 256.48
1997-06-26T17:04:44.219     -12.90     59.21     -2.20     60.64  31.40395  -0.02 256.50
1997-06-26T17:04:48.219     -12.27     59.19     -2.34     60.49  31.40278  -0.02 256.52
1997-06-26T17:04:52.219     -12.20     59.18     -2.35     60.47  31.40162  -0.02 256.54
1997-06-26T17:04:56.219     -12.83     59.31     -2.30     60.73  31.40047  -0.02 256.56
1997-06-26T17:05:00.219     -13.22     59.40     -2.26     60.89  31.39931  -0.02 256.58
1997-06-26T17:05:04.219     -12.81     59.47     -2.38     60.88  31.39817  -0.02 256.60
1997-06-26T17:05:08.219     -12.29     59.40     -2.55     60.71  31.39703  -0.02 256.62
1997-06-26T17:05:12.219     -12.39     59.28     -2.34     60.60  31.39589  -0.02 256.65
1997-06-26T17:05:16.219     -13.13     59.42     -2.26     60.90  31.39476  -0.02 256.67
1997-06-26T17:05:20.219     -13.55     59.32     -2.38     60.90  31.39364  -0.02 256.69
1997-06-26T17:05:24.219     -13.05     59.08     -2.41     60.55  31.39252  -0.02 256.71
1997-06-26T17:05:28.219     -12.77     58.87     -2.48     60.29  31.39141  -0.02 256.73
1997-06-26T17:05:32.219     -13.21     58.90     -2.29     60.40  31.39030  -0.02 256.75
1997-06-26T17:05:36.219     -13.94     59.02     -2.16     60.68  31.38919  -0.02 256.77
1997-06-26T17:05:40.219     -14.09     59.18     -2.09     60.87  31.38809  -0.02 256.79
1997-06-26T17:05:44.219     -13.59     59.38     -1.94     60.94  31.38700  -0.02 256.81
1997-06-26T17:05:48.219     -13.51     59.64     -1.89     61.18  31.38591  -0.02 256.84
1997-06-26T17:05:52.219     -14.02     59.75     -1.74     61.39  31.38483  -0.02 256.86
1997-06-26T17:05:56.219     -14.54     59.64     -1.53     61.41  31.38375  -0.02 256.88
1997-06-26T17:06:00.219     -14.32     59.31     -1.33     61.02  31.38268  -0.02 256.90
1997-06-26T17:06:04.219     -13.62     59.20     -1.08     60.76  31.38161  -0.02 256.92
1997-06-26T17:06:08.219     -13.54     58.96     -0.84     60.50  31.38055  -0.02 256.94
1997-06-26T17:06:12.219     -14.06     59.11     -0.68     60.77  31.37949  -0.02 256.96
1997-06-26T17:06:16.219     -14.62     59.35     -0.60     61.12  31.37844  -0.02 256.98
1997-06-26T17:06:20.219     -14.42     59.64     -0.46     61.36  31.37739  -0.02 257.01
1997-06-26T17:06:24.219     -13.99     59.96     -0.38     61.58  31.37635  -0.02 257.03
1997-06-26T17:06:28.219     -14.15     59.97     -0.22     61.61  31.37532  -0.02 257.05
1997-06-26T17:06:32.219     -14.71     59.87      0.04     61.65  31.37428  -0.02 257.07
1997-06-26T17:06:36.219     -14.93     59.88      0.19     61.72  31.37326  -0.02 257.09
1997-06-26T17:06:40.219     -14.41     59.82      0.32     61.53  31.37224  -0.02 257.11
1997-06-26T17:06:44.219     -13.96     59.69      0.46     61.30  31.37123  -0.02 257.13
1997-06-26T17:06:48.219     -14.24     59.72      0.78     61.40  31.37021  -0.02 257.15
1997-06-26T17:06:52.219     -14.76     59.76      1.01     61.56  31.36921  -0.02 257.17
1997-06-26T17:06:56.219     -14.69     59.94      1.05     61.72  31.36821  -0.02 257.20
1997-06-26T17:07:00.219     -14.09     59.89      1.08     61.53  31.36722  -0.02 257.22
1997-06-26T17:07:04.219     -13.89     59.76      1.13     61.36  31.36623  -0.02 257.24
1997-06-26T17:07:08.219     -14.25     59.62      1.38     61.32  31.36524  -0.02 257.26
1997-06-26T17:07:12.219     -14.77     59.67      1.52     61.49  31.36427  -0.02 257.28
1997-06-26T17:07:16.219     -14.69     59.82      1.50     61.62  31.36329  -0.02 257.30
1997-06-26T17:07:20.219     -14.07     59.82      1.47     61.47  31.36232  -0.02 257.32
1997-06-26T17:07:24.219     -13.98     59.61      1.50     61.24  31.36136  -0.02 257.34
1997-06-26T17:07:28.219     -14.55     59.53      1.70     61.30  31.36040  -0.02 257.37
1997-06-26T17:07:32.219     -15.03     59.50      1.85     61.40  31.35945  -0.02 257.39
1997-06-26T17:07:36.219     -14.68     59.56      2.01     61.37  31.35851  -0.02 257.41
1997-06-26T17:07:40.219     -14.13     59.78      1.91     61.46  31.35756  -0.02 257.43
1997-06-26T17:07:44.219     -14.24     59.76      2.02     61.47  31.35663  -0.02 257.45
1997-06-26T17:07:48.219     -14.83     59.74      2.12     61.59  31.35570  -0.02 257.47
1997-06-26T17:07:52.219     -15.14     59.82      2.30     61.75  31.35477  -0.02 257.49
1997-06-26T17:07:56.219     -14.74     59.95      2.46     61.79  31.35385  -0.02 257.51
1997-06-26T17:08:00.219     -14.39     60.10      2.50     61.85  31.35293  -0.02 257.54
1997-06-26T17:08:04.219     -14.73     60.20      2.69     62.03  31.35202  -0.02 257.56
1997-06-26T17:08:08.219     -15.43     60.13      2.96     62.15  31.35112  -0.02 257.58
1997-06-26T17:08:12.219     -15.45     60.08      3.12     62.11  31.35022  -0.02 257.60
1997-06-26T17:08:16.219     -14.85     60.31      3.15     62.20  31.34932  -0.02 257.62
1997-06-26T17:08:20.219     -14.62     60.42      3.04     62.24  31.34843  -0.02 257.64
1997-06-26T17:08:24.219     -15.04     60.46      3.20     62.38  31.34755  -0.02 257.66
1997-06-26T17:08:28.219     -15.58     60.22      3.44     62.30  31.34667  -0.02 257.68
1997-06-26T17:08:32.219     -15.33     60.07      3.40     62.08  31.34580  -0.02 257.70
1997-06-26T17:08:36.219     -14.72     60.13      3.67     62.02  31.34493  -0.02 257.73
1997-06-26T17:08:40.219     -14.66     60.00      3.67     61.88  31.34406  -0.02 257.75
1997-06-26T17:08:44.219     -15.12     60.20      3.79     62.19  31.34321  -0.02 257.77
1997-06-26T17:08:48.219     -15.63     60.41      3.89     62.52  31.34235  -0.02 257.79
1997-06-26T17:08:52.219     -15.25     60.53      3.76     62.53  31.34151  -0.02 257.81
1997-06-26T17:08:56.219     -14.60     60.62      3.98     62.48  31.34066  -0.02 257.83
1997-06-26T17:09:00.219     -14.38     61.00      3.40     62.77  31.33983  -0.02 257.85
1997-06-26T17:09:04.219     -15.56     61.52      4.14     63.60  31.33899  -0.02 257.87
1997-06-26T17:09:08.219     -16.60     61.96      4.45     64.30  31.33817  -0.02 257.90
1997-06-26T17:09:12.219     -15.88     62.32      4.86     64.49  31.33735  -0.02 257.92
1997-06-26T17:09:16.219     -15.57     62.28      5.13     64.40  31.33653  -0.02 257.94
1997-06-26T17:09:20.219     -15.63     62.07      4.99     64.20  31.33572  -0.02 257.96
1997-06-26T17:09:24.219     -15.74     62.08      5.41     64.27  31.33492  -0.02 257.98
1997-06-26T17:09:28.219     -15.17     61.91      5.65     63.99  31.33412  -0.02 258.00
1997-06-26T17:09:32.219     -14.69     61.94      5.88     63.93  31.33332  -0.02 258.02
1997-06-26T17:09:36.219     -13.82     60.51      7.14     62.48  31.33253  -0.02 258.04
1997-06-26T17:09:40.219     -15.15     60.50      6.56     62.72  31.33175  -0.02 258.07
1997-06-26T17:09:44.219     -15.43     60.72      7.03     63.04  31.33097  -0.02 258.09
1997-06-26T17:09:48.219     -14.64     60.63      7.35     62.80  31.33019  -0.02 258.11
1997-06-26T17:09:52.219     -13.34     61.20      7.53     63.09  31.32942  -0.02 258.13
1997-06-26T17:09:56.219     -12.42     62.27      7.89     63.98  31.32866  -0.02 258.15
1997-06-26T17:10:00.219     -13.18     63.76      8.67     65.68  31.32790  -0.02 258.17
1997-06-26T17:10:04.219     -13.55     64.58      8.70     66.56  31.32715  -0.02 258.19
1997-06-26T17:10:08.219     -13.73     65.50      8.21     67.43  31.32640  -0.02 258.21
1997-06-26T17:10:12.219     -14.09     66.67      7.51     68.56  31.32566  -0.02 258.24
1997-06-26T17:10:16.219     -14.90     68.29      7.92     70.34  31.32492  -0.02 258.26
1997-06-26T17:10:20.219     -16.52     69.06      7.95     71.45  31.32419  -0.02 258.28
1997-06-26T17:10:24.219     -14.34     70.01      7.44     71.85  31.32346  -0.02 258.30
1997-06-26T17:10:28.219     -13.35     70.39      7.16     72.00  31.32274  -0.02 258.32
1997-06-26T17:10:32.219     -13.56     69.83      7.31     71.51  31.32203  -0.02 258.34
1997-06-26T17:10:36.219     -14.34     69.64      8.08     71.55  31.32131  -0.02 258.36
1997-06-26T17:10:40.219     -14.07     69.11      8.58     71.05  31.32061  -0.02 258.38
1997-06-26T17:10:44.219     -13.76     69.24      9.56     71.24  31.31991  -0.02 258.41
1997-06-26T17:10:48.219     -12.52     69.28     10.35     71.16  31.31921  -0.02 258.43
1997-06-26T17:10:52.219     -13.49     69.75      6.70     71.35  31.31852  -0.02 258.45
1997-06-26T17:10:56.219     -14.51     70.47      5.22     72.14  31.31784  -0.02 258.47
1997-06-26T17:11:00.219     -14.71     71.36      4.91     73.02  31.31716  -0.02 258.49
1997-06-26T17:11:04.221     -13.94     72.31      6.60     73.94  31.31648  -0.02 258.51
1997-06-26T17:11:08.219     -13.18     72.68      6.22     74.13  31.31581  -0.02 258.53
1997-06-26T17:11:12.219     -14.13     72.41      5.06     73.95  31.31515  -0.02 258.55
1997-06-26T17:11:16.219     -15.26     71.27      7.37     73.26  31.31449  -0.02 258.58
1997-06-26T17:11:20.219     -17.38     69.97      6.18     72.37  31.31384  -0.02 258.60
1997-06-26T17:11:24.219     -18.40     69.61      5.13     72.18  31.31319  -0.02 258.62
1997-06-26T17:11:28.219     -17.07     69.62      5.88     71.92  31.31255  -0.02 258.64
1997-06-26T17:11:32.219     -17.29     68.75      5.70     71.12  31.31191  -0.02 258.66
1997-06-26T17:11:36.219     -17.64     67.69      5.26     70.15  31.31128  -0.02 258.68
1997-06-26T17:11:40.219     -17.10     65.62      5.85     68.06  31.31065  -0.02 258.70
1997-06-26T17:11:44.219     -16.38     62.16      5.54     64.52  31.31003  -0.02 258.72
1997-06-26T17:11:48.219     -16.70     59.16      5.49     61.72  31.30941  -0.02 258.75
1997-06-26T17:11:52.219     -15.29     56.62      6.23     58.98  31.30880  -0.02 258.77
1997-06-26T17:11:56.219     -17.42     53.85      6.21     56.93  31.30820  -0.02 258.79
1997-06-26T17:12:00.219     -18.69     52.00      6.92     55.69  31.30760  -0.02 258.81
1997-06-26T17:12:04.219     -18.27     52.22      8.40     55.96  31.30700  -0.02 258.83
1997-06-26T17:12:08.219     -17.82     54.34      8.99     57.89  31.30641  -0.02 258.85
1997-06-26T17:12:12.219     -17.29     56.44     12.08     60.25  31.30583  -0.02 258.87
1997-06-26T17:12:16.219     -16.19     58.23     11.69     61.56  31.30525  -0.02 258.89
1997-06-26T17:12:20.219     -16.22     59.33     11.19     62.52  31.30467  -0.02 258.92
1997-06-26T17:12:24.219     -16.16     60.01     11.04     63.12  31.30410  -0.02 258.94
1997-06-26T17:12:28.219     -16.39     60.62     10.38     63.64  31.30354  -0.02 258.96
1997-06-26T17:12:32.219     -16.71     61.36      9.71     64.33  31.30298  -0.02 258.98
1997-06-26T17:12:36.219     -16.97     61.90      9.07     64.82  31.30243  -0.02 259.00
1997-06-26T17:12:40.219     -16.93     62.26      8.66     65.10  31.30188  -0.02 259.02
1997-06-26T17:12:44.219     -16.31     62.51      7.58     65.05  31.30134  -0.02 259.04
1997-06-26T17:12:48.219     -16.25     62.61      7.65     65.14  31.30080  -0.02 259.06
1997-06-26T17:12:52.219     -17.00     62.76      8.91     65.63  31.30027  -0.02 259.09
1997-06-26T17:12:56.219     -17.60     62.48      9.09     65.54  31.29974  -0.02 259.11
1997-06-26T17:13:00.219     -16.87     62.14      7.66     64.84  31.29922  -0.02 259.13
1997-06-26T17:13:04.219     -16.44     61.73      7.42     64.31  31.29870  -0.02 259.15
1997-06-26T17:13:08.219     -17.25     60.96      9.11     64.00  31.29819  -0.02 259.17
1997-06-26T17:13:12.219     -17.61     60.89      9.78     64.13  31.29768  -0.02 259.19
1997-06-26T17:13:16.219     -16.92     61.08      9.71     64.12  31.29718  -0.02 259.21
1997-06-26T17:13:20.219     -15.78     61.19      9.88     63.96  31.29669  -0.02 259.24
1997-06-26T17:13:24.219     -15.46     61.30     10.11     64.02  31.29620  -0.02 259.26
1997-06-26T17:13:28.219     -15.99     61.34     10.85     64.31  31.29571  -0.02 259.28
1997-06-26T17:13:32.219     -17.05     61.41     12.31     64.91  31.29523  -0.02 259.30
1997-06-26T17:13:36.219     -17.65     61.85     12.49     65.52  31.29476  -0.02 259.32
1997-06-26T17:13:40.219     -17.46     62.00     12.56     65.62  31.29429  -0.02 259.34
1997-06-26T17:13:44.219     -17.52     61.98     12.73     65.65  31.29383  -0.02 259.36
1997-06-26T17:13:48.219     -18.29     62.00     12.83     65.90  31.29337  -0.02 259.38
1997-06-26T17:13:52.219     -17.81     62.21     12.30     65.87  31.29291  -0.02 259.41
1997-06-26T17:13:56.219     -17.50     61.84     13.37     65.65  31.29247  -0.02 259.43
1997-06-26T17:14:00.219     -16.29     61.96     13.54     65.49  31.29202  -0.02 259.45
1997-06-26T17:14:04.219     -15.80     62.08     13.29     65.42  31.29159  -0.02 259.47
1997-06-26T17:14:08.219     -15.46     62.27     13.55     65.58  31.29115  -0.02 259.49
1997-06-26T17:14:12.219     -15.80     62.29     13.26     65.62  31.29073  -0.02 259.51
1997-06-26T17:14:16.219     -15.58     62.25     12.69     65.42  31.29030  -0.02 259.53
1997-06-26T17:14:20.219     -15.09     62.44     12.25     65.39  31.28989  -0.02 259.55
1997-06-26T17:14:24.219     -15.20     62.75     12.02     65.67  31.28948  -0.02 259.58
1997-06-26T17:14:28.219     -16.69     63.57     12.55     66.91  31.28907  -0.02 259.60
1997-06-26T17:14:32.219     -17.80     64.57     13.15     68.25  31.28867  -0.02 259.62
1997-06-26T17:14:36.219     -17.34     64.88     13.27     68.45  31.28827  -0.02 259.64
1997-06-26T17:14:40.219     -17.20     64.70     12.25     68.06  31.28789  -0.02 259.66
1997-06-26T17:14:44.219     -18.94     63.52     13.42     67.63  31.28750  -0.02 259.68
1997-06-26T17:14:48.219     -19.05     62.62     15.03     67.16  31.28712  -0.02 259.70
1997-06-26T17:14:52.219     -17.56     62.47     15.33     66.67  31.28675  -0.02 259.73
1997-06-26T17:14:56.219     -16.45     62.60     15.70     66.60  31.28638  -0.02 259.75
1997-06-26T17:15:00.219     -16.25     63.43     16.69     67.57  31.28601  -0.02 259.77
1997-06-26T17:15:04.219     -15.06     64.96     16.13     68.61  31.28565  -0.02 259.79
1997-06-26T17:15:08.219     -16.76     65.31     16.83     69.49  31.28530  -0.02 259.81
1997-06-26T17:15:12.219      -8.30     67.42     12.79     69.13  31.28495  -0.02 259.83
1997-06-26T17:15:16.219     -17.04     63.01     22.03     68.89  31.28461  -0.02 259.85
1997-06-26T17:15:20.219     -13.97     63.02     22.38     68.32  31.28427  -0.02 259.87
1997-06-26T17:15:24.219     -15.90     61.80     21.70     67.40  31.28394  -0.02 259.90
1997-06-26T17:15:28.219     -18.69     60.34     20.36     66.36  31.28362  -0.02 259.92
1997-06-26T17:15:32.219     -21.22     57.41     22.73     65.29  31.28329  -0.02 259.94
1997-06-26T17:15:36.219     -14.70     56.18     21.13     61.80  31.28298  -0.02 259.96
1997-06-26T17:15:40.219     -11.32     39.74     17.24     44.77  31.28267  -0.02 259.98
1997-06-26T17:15:44.219     -10.42     29.69     13.52     34.25  31.28236  -0.02 260.00
1997-06-26T17:15:48.219      -7.29     26.68     10.12     29.45  31.28206  -0.02 260.02
1997-06-26T17:15:52.219      -2.23     26.89      7.14     27.91  31.28176  -0.02 260.04
1997-06-26T17:15:56.219      -3.32     27.12      9.33     28.87  31.28147  -0.02 260.07
1997-06-26T17:16:00.219      -5.97     30.19      9.27     32.14  31.28119  -0.02 260.09
1997-06-26T17:16:04.219      -7.78     30.86      8.02     32.82  31.28091  -0.02 260.11
1997-06-26T17:16:08.219      -7.67     31.78      8.14     33.69  31.28064  -0.02 260.13
1997-06-26T17:16:12.219      -8.15     35.89      9.29     37.96  31.28037  -0.02 260.15
1997-06-26T17:16:16.219     -10.38     42.24     11.49     44.99  31.28010  -0.02 260.17
1997-06-26T17:16:20.219     -12.75     45.98     12.46     49.31  31.27984  -0.02 260.19
1997-06-26T17:16:24.219     -13.64     46.77     12.26     50.24  31.27959  -0.02 260.22
1997-06-26T17:16:28.219     -11.67     41.22     10.96     44.22  31.27934  -0.02 260.24
1997-06-26T17:16:32.219     -10.58     34.96      9.66     37.78  31.27910  -0.02 260.26
1997-06-26T17:16:36.219     -11.17     31.05      8.11     33.98  31.27886  -0.02 260.28
1997-06-26T17:16:40.219     -13.66     30.21      5.65     33.63  31.27863  -0.02 260.30
1997-06-26T17:16:44.219     -15.29     29.03      6.01     33.36  31.27840  -0.02 260.32
1997-06-26T17:16:48.219     -14.02     28.76      7.02     32.76  31.27818  -0.02 260.34
1997-06-26T17:16:52.219     -13.94     30.01      7.79     33.99  31.27797  -0.02 260.36
1997-06-26T17:16:56.219     -14.49     32.16      7.18     36.00  31.27776  -0.02 260.39
1997-06-26T17:17:00.219     -13.10     36.95      5.96     39.65  31.27755  -0.02 260.41
1997-06-26T17:17:04.219     -10.84     44.77      7.75     46.71  31.27735  -0.02 260.43
1997-06-26T17:17:08.219      -8.44     48.65      7.86     50.00  31.27715  -0.02 260.45
1997-06-26T17:17:12.219      -6.32     50.09      6.92     50.95  31.27696  -0.02 260.47
1997-06-26T17:17:16.219      -6.22     47.66      5.31     48.36  31.27678  -0.02 260.49
1997-06-26T17:17:20.219      -6.75     38.12      3.74     38.89  31.27660  -0.02 260.51
1997-06-26T17:17:24.219      -5.33     30.96      1.81     31.47  31.27643  -0.02 260.53
1997-06-26T17:17:28.219      -1.44     28.09      0.47     28.13  31.27626  -0.02 260.56
1997-06-26T17:17:32.219       0.59     31.11     -0.71     31.12  31.27609  -0.02 260.58
1997-06-26T17:17:36.219      -1.18     35.08     -1.63     35.14  31.27594  -0.02 260.60
1997-06-26T17:17:40.219      -3.10     38.78     -2.12     38.96  31.27578  -0.02 260.62
1997-06-26T17:17:44.219      -4.75     41.64      0.61     41.92  31.27563  -0.02 260.64
1997-06-26T17:17:48.219      -3.29     40.95      2.84     41.18  31.27549  -0.02 260.66
1997-06-26T17:17:52.219      -2.01     42.91      6.98     43.52  31.27535  -0.02 260.68
1997-06-26T17:17:56.219      -3.66     44.16      5.02     44.59  31.27522  -0.02 260.71
1997-06-26T17:18:00.219      -4.82     45.65      2.32     45.97  31.27510  -0.02 260.73
1997-06-26T17:18:04.219      -2.24     44.64      1.97     44.74  31.27497  -0.02 260.75
1997-06-26T17:18:08.219      -2.30     44.42      2.42     44.55  31.27486  -0.02 260.77
1997-06-26T17:18:12.219      -5.31     42.52     -0.01     42.85  31.27475  -0.02 260.79
1997-06-26T17:18:16.219     -10.37     43.32     -6.91     45.08  31.27464  -0.02 260.81
1997-06-26T17:18:20.219      -9.49     45.60     -7.35     47.15  31.27454  -0.02 260.83
1997-06-26T17:18:24.219      -5.90     44.41     -6.04     45.21  31.27445  -0.02 260.85
1997-06-26T17:18:28.219      -6.45     43.07     -3.91     43.72  31.27436  -0.02 260.88
1997-06-26T17:18:32.219      -8.09     44.28     -5.20     45.31  31.27427  -0.02 260.90
1997-06-26T17:18:36.219     -13.09     46.15     -4.65     48.19  31.27419  -0.02 260.92
1997-06-26T17:18:40.219     -19.52     42.78     -1.73     47.06  31.27412  -0.02 260.94
1997-06-26T17:18:44.219     -26.58     42.38     -3.61     50.15  31.27405  -0.02 260.96
1997-06-26T17:18:48.219     -33.66     43.93      0.11     55.34  31.27399  -0.02 260.98
1997-06-26T17:18:52.219     -42.60     37.26      6.07     56.92  31.27393  -0.02 261.00
1997-06-26T17:18:56.219     -46.64     33.08      2.16     57.22  31.27388  -0.02 261.03
1997-06-26T17:19:00.219     -40.05     37.23     -2.15     54.72  31.27383  -0.02 261.05
1997-06-26T17:19:04.219     -26.87     40.42     -0.03     48.54  31.27379  -0.02 261.07
1997-06-26T17:19:08.219     -10.66     40.07     13.65     43.65  31.27375  -0.02 261.09
1997-06-26T17:19:12.219       0.83     38.24     20.11     43.21  31.27372  -0.02 261.11
1997-06-26T17:19:16.219       1.71     46.17     10.51     47.38  31.27369  -0.02 261.13
1997-06-26T17:19:20.219       0.86     46.44      5.67     46.79  31.27367  -0.02 261.15
1997-06-26T17:19:24.219      -0.11     47.57     -3.26     47.68  31.27365  -0.02 261.17
1997-06-26T17:19:28.219       5.70     51.31     -9.70     52.53  31.27364  -0.02 261.20
1997-06-26T17:19:32.219      13.74     55.00     -3.13     56.77  31.27364  -0.02 261.22
1997-06-26T17:19:36.219      -0.82     51.03      5.87     51.37  31.27364  -0.02 261.24
1997-06-26T17:19:40.219     -10.93     51.01     10.95     53.31  31.27364  -0.02 261.26
1997-06-26T17:19:44.219     -16.04     47.58     14.86     52.36  31.27365  -0.02 261.28
1997-06-26T17:19:48.219     -13.53     46.80     12.53     50.30  31.27367  -0.02 261.30
1997-06-26T17:19:52.219      -9.52     44.99     14.25     48.14  31.27369  -0.02 261.32
1997-06-26T17:19:56.219      -2.39     45.68     10.57     46.95  31.27372  -0.02 261.34
1997-06-26T17:20:00.219       3.89     46.55      6.96     47.23  31.27375  -0.02 261.37
1997-06-26T17:20:04.219       2.34     46.94      4.41     47.21  31.27378  -0.02 261.39
1997-06-26T17:20:08.219       0.62     46.61      2.10     46.66  31.27383  -0.02 261.41
1997-06-26T17:20:12.219      -4.00     45.88      2.71     46.13  31.27387  -0.02 261.43
1997-06-26T17:20:16.219     -12.35     43.91      5.51     45.94  31.27393  -0.02 261.45
1997-06-26T17:20:20.219     -15.15     43.91      8.01     47.14  31.27398  -0.02 261.47
1997-06-26T17:20:24.219     -12.48     48.15     13.08     51.43  31.27405  -0.02 261.49
1997-06-26T17:20:28.219     -15.40     50.52     13.73     54.57  31.27412  -0.02 261.52
1997-06-26T17:20:32.219     -16.63     51.07     12.12     55.06  31.27419  -0.02 261.54
1997-06-26T17:20:36.219     -12.42     50.95     11.37     53.66  31.27427  -0.02 261.56
1997-06-26T17:20:40.219     -13.68     46.04      8.56     48.79  31.27435  -0.02 261.58
1997-06-26T17:20:44.219     -10.64     46.13      9.96     48.38  31.27444  -0.02 261.60
1997-06-26T17:20:48.219      -3.77     47.10     11.61     48.66  31.27454  -0.02 261.62
1997-06-26T17:20:52.219      -2.43     45.58     10.79     46.91  31.27464  -0.02 261.64
1997-06-26T17:20:56.219      -3.48     45.99      8.48     46.90  31.27474  -0.02 261.66
1997-06-26T17:21:00.219       2.55     45.19      8.54     46.06  31.27485  -0.02 261.69
1997-06-26T17:21:04.219       3.26     41.37      7.18     42.11  31.27497  -0.02 261.71
1997-06-26T17:21:08.219       3.28     36.38      4.31     36.78  31.27509  -0.02 261.73
1997-06-26T17:21:12.219       0.21     32.29      5.40     32.74  31.27522  -0.02 261.75
1997-06-26T17:21:16.219      -0.35     37.97      6.36     38.50  31.27535  -0.02 261.77
1997-06-26T17:21:20.219      -2.65     43.78      8.08     44.60  31.27549  -0.02 261.79
1997-06-26T17:21:24.219      -0.42     43.53     12.90     45.40  31.27563  -0.02 261.81
1997-06-26T17:21:28.219      -7.27     45.09     12.42     47.33  31.27578  -0.02 261.84
1997-06-26T17:21:32.219     -14.59     44.50     16.25     49.57  31.27593  -0.02 261.86
1997-06-26T17:21:36.219     -16.52     44.09     14.47     49.26  31.27608  -0.02 261.88
1997-06-26T17:21:40.219     -11.19     47.11     11.92     49.87  31.27625  -0.02 261.90
1997-06-26T17:21:44.219      -5.61     49.44     11.44     51.06  31.27642  -0.02 261.92
1997-06-26T17:21:48.219      -7.34     48.12     13.50     50.51  31.27659  -0.02 261.94
1997-06-26T17:21:52.219      -2.48     50.62     10.48     51.75  31.27677  -0.02 261.96
1997-06-26T17:21:56.219       2.43     51.01     11.42     52.33  31.27695  -0.02 261.98
1997-06-26T17:22:00.219       5.27     49.31     14.05     51.54  31.27714  -0.02 262.01
1997-06-26T17:22:04.219       2.27     48.90     14.19     50.97  31.27734  -0.02 262.03
1997-06-26T17:22:08.219      -1.04     50.39     14.56     52.46  31.27754  -0.02 262.05
1997-06-26T17:22:12.219       2.86     53.57     11.31     54.82  31.27774  -0.02 262.07
1997-06-26T17:22:16.219       0.86     53.67     10.81     54.76  31.27796  -0.02 262.09
1997-06-26T17:22:20.219      -2.90     48.07      9.85     49.15  31.27817  -0.02 262.11
1997-06-26T17:22:24.219      -1.56     38.74      7.28     39.45  31.27839  -0.02 262.13
1997-06-26T17:22:28.219      -4.63     35.34      8.22     36.57  31.27862  -0.02 262.15
1997-06-26T17:22:32.219       1.59     37.22     10.40     38.67  31.27885  -0.02 262.18
1997-06-26T17:22:36.219      -6.09     37.55     12.50     40.05  31.27909  -0.02 262.20
1997-06-26T17:22:40.219      -3.73     27.94      5.78     28.78  31.27933  -0.02 262.22
1997-06-26T17:22:44.219       2.35     17.24      0.20     17.40  31.27958  -0.02 262.24
1997-06-26T17:22:48.219      -3.48     19.69     -0.87     20.01  31.27983  -0.02 262.26
1997-06-26T17:22:52.219      -9.97      9.81     -0.03     13.99  31.28009  -0.02 262.28
1997-06-26T17:22:56.219      -3.52     17.18     -5.75     18.45  31.28035  -0.02 262.30
1997-06-26T17:23:00.219      12.24     23.30      2.62     26.45  31.28062  -0.02 262.33
1997-06-26T17:23:04.219      13.06     21.79      6.61     26.25  31.28089  -0.02 262.35
1997-06-26T17:23:08.219      14.11     21.38      7.29     26.63  31.28117  -0.02 262.37
1997-06-26T17:23:12.219      11.90     26.65      8.11     30.29  31.28146  -0.02 262.39
1997-06-26T17:23:16.219      14.55     27.48      6.45     31.76  31.28175  -0.02 262.41
1997-06-26T17:23:20.219      17.24     28.27      9.73     34.52  31.28204  -0.02 262.43
1997-06-26T17:23:24.219      18.74     33.33      7.57     38.98  31.28234  -0.02 262.45
1997-06-26T17:23:28.219      18.40     33.46      4.50     38.45  31.28265  -0.02 262.47
1997-06-26T17:23:32.219      18.60     36.19      5.78     41.10  31.28296  -0.02 262.50
1997-06-26T17:23:36.219      16.29     43.81      4.59     46.96  31.28328  -0.02 262.52
1997-06-26T17:23:40.219      11.38     40.43     -0.93     42.02  31.28360  -0.02 262.54
1997-06-26T17:23:44.219       7.12     34.12     -1.44     34.88  31.28392  -0.02 262.56
1997-06-26T17:23:48.219       5.42     22.81      1.82     23.51  31.28425  -0.02 262.58
1997-06-26T17:23:52.219      -0.72     17.93      4.47     18.49  31.28459  -0.02 262.60
1997-06-26T17:23:56.219      -3.43     17.81      6.28     19.20  31.28493  -0.02 262.62
1997-06-26T17:24:00.219       3.03     13.11     10.71     17.20  31.28528  -0.02 262.64
1997-06-26T17:24:04.219      -2.39     26.00     15.36     30.29  31.28563  -0.02 262.67
1997-06-26T17:24:08.219      -1.23     41.65     17.96     45.38  31.28599  -0.02 262.69
1997-06-26T17:24:12.219      -0.27     52.16     20.33     55.98  31.28636  -0.02 262.71
1997-06-26T17:24:16.219      -4.83     55.00     22.33     59.56  31.28672  -0.02 262.73
1997-06-26T17:24:20.219      -7.99     52.49     19.13     56.43  31.28710  -0.02 262.75
1997-06-26T17:24:24.219     -10.00     55.73     16.94     59.09  31.28748  -0.02 262.77
1997-06-26T17:24:28.219      -9.94     53.60     14.99     56.53  31.28786  -0.02 262.79
1997-06-26T17:24:32.219     -12.78     45.54     14.35     49.43  31.28825  -0.02 262.82
1997-06-26T17:24:36.219     -16.15     47.30     11.93     51.38  31.28865  -0.02 262.84
1997-06-26T17:24:40.219     -18.45     52.81     16.84     58.42  31.28905  -0.02 262.86
1997-06-26T17:24:44.219     -14.33     51.71     16.46     56.13  31.28945  -0.02 262.88
1997-06-26T17:24:48.219     -17.36     46.69     11.89     51.22  31.28986  -0.02 262.90
1997-06-26T17:24:52.219     -14.75     43.81     12.09     47.78  31.29028  -0.02 262.92
1997-06-26T17:24:56.219     -13.55     45.60     13.94     49.57  31.29070  -0.02 262.94
1997-06-26T17:25:00.218     -12.76     47.95     15.22     51.91  31.29113  -0.02 262.96
1997-06-26T17:25:04.218     -11.63     53.26     16.59     56.99  31.29156  -0.02 262.99
1997-06-26T17:25:08.218     -12.65     58.53     17.57     62.40  31.29199  -0.02 263.01
1997-06-26T17:25:12.218     -15.93     58.61     16.31     62.89  31.29244  -0.02 263.03
1997-06-26T17:25:16.218     -18.81     57.80     12.66     62.08  31.29288  -0.02 263.05
1997-06-26T17:25:20.218     -21.31     59.94     10.98     64.55  31.29334  -0.02 263.07
1997-06-26T17:25:24.218     -20.30     59.01     13.54     63.86  31.29379  -0.02 263.09
1997-06-26T17:25:28.218     -18.94     56.72     11.51     60.89  31.29426  -0.02 263.11
1997-06-26T17:25:32.218     -14.43     54.53     11.80     57.63  31.29473  -0.02 263.13
1997-06-26T17:25:36.218     -10.89     56.70     14.88     59.62  31.29520  -0.02 263.16
1997-06-26T17:25:40.218     -16.96     57.09     14.92     61.39  31.29568  -0.02 263.18
1997-06-26T17:25:44.218     -17.60     56.77     13.93     61.04  31.29617  -0.02 263.20
1997-06-26T17:25:48.218     -14.42     55.88     13.93     59.37  31.29665  -0.02 263.22
1997-06-26T17:25:52.218     -16.76     60.47     21.63     66.37  31.29715  -0.02 263.24
1997-06-26T17:25:56.218     -18.72     60.98     24.02     68.16  31.29765  -0.02 263.26
1997-06-26T17:26:00.218     -14.67     53.11     18.34     58.07  31.29815  -0.02 263.28
1997-06-26T17:26:04.218     -15.11     47.48     15.49     52.18  31.29867  -0.02 263.30
1997-06-26T17:26:08.218     -15.13     46.73     16.58     51.84  31.29918  -0.02 263.33
1997-06-26T17:26:12.218     -16.37     51.30     18.64     56.98  31.29970  -0.02 263.35
1997-06-26T17:26:16.218     -20.23     56.86     21.35     64.01  31.30023  -0.02 263.37
1997-06-26T17:26:20.218     -18.87     61.89     22.45     68.48  31.30076  -0.02 263.39
1997-06-26T17:26:24.218     -21.35     64.32     22.70     71.47  31.30130  -0.02 263.41
1997-06-26T17:26:28.218     -23.74     64.79     25.82     73.68  31.30184  -0.02 263.43
1997-06-26T17:26:32.218     -29.93     63.40     27.28     75.23  31.30239  -0.02 263.45
1997-06-26T17:26:36.218     -29.72     63.68     26.70     75.18  31.30294  -0.02 263.47
1997-06-26T17:26:40.218     -28.74     61.82     23.79     72.20  31.30350  -0.02 263.50
1997-06-26T17:26:44.218     -26.91     56.14     19.78     65.32  31.30406  -0.02 263.52
1997-06-26T17:26:48.218     -24.96     51.31     15.32     59.08  31.30463  -0.02 263.54
1997-06-26T17:26:52.218     -25.88     51.86     13.31     59.47  31.30520  -0.02 263.56
1997-06-26T17:26:56.218     -23.44     51.59     13.44     58.24  31.30578  -0.02 263.58
1997-06-26T17:27:00.218     -21.06     48.99     11.10     54.47  31.30637  -0.02 263.60
1997-06-26T17:27:04.218     -21.28     48.47     10.45     53.96  31.30696  -0.02 263.62
1997-06-26T17:27:08.218     -24.20     48.21     11.19     55.09  31.30755  -0.02 263.65
1997-06-26T17:27:12.218     -25.86     47.73     11.20     55.43  31.30815  -0.02 263.67
1997-06-26T17:27:16.218     -27.48     45.08     13.89     54.59  31.30875  -0.02 263.69
1997-06-26T17:27:20.218     -19.53     43.77     14.73     50.14  31.30936  -0.02 263.71
1997-06-26T17:27:24.218     -15.11     48.64     16.18     53.44  31.30998  -0.02 263.73
1997-06-26T17:27:28.218     -14.52     53.24     16.59     57.62  31.31060  -0.02 263.75
1997-06-26T17:27:32.218     -13.41     53.14     17.81     57.63  31.31123  -0.02 263.77
1997-06-26T17:27:36.218     -14.41     55.91     18.95     60.76  31.31186  -0.02 263.79
1997-06-26T17:27:40.218     -14.56     59.69     20.62     64.81  31.31250  -0.02 263.82
1997-06-26T17:27:44.218     -17.45     63.58     21.82     69.45  31.31314  -0.02 263.84
1997-06-26T17:27:48.218     -20.54     67.35     23.43     74.21  31.31379  -0.02 263.86
1997-06-26T17:27:52.218     -24.64     67.90     24.81     76.37  31.31444  -0.02 263.88
1997-06-26T17:27:56.218     -21.33     70.15     22.95     76.83  31.31509  -0.02 263.90
1997-06-26T17:28:00.218     -20.46     70.78     23.16     77.23  31.31576  -0.02 263.92
1997-06-26T17:28:04.218     -20.56     71.22     24.11     77.95  31.31643  -0.02 263.94
1997-06-26T17:28:08.218     -20.74     71.78     25.42     78.93  31.31710  -0.02 263.96
1997-06-26T17:28:12.218     -21.47     71.76     25.95     79.27  31.31778  -0.02 263.99
1997-06-26T17:28:16.218     -20.81     71.92     25.68     79.15  31.31846  -0.02 264.01
1997-06-26T17:28:20.218     -20.38     72.19     25.70     79.29  31.31915  -0.02 264.03
1997-06-26T17:28:24.218     -20.67     72.71     25.94     79.92  31.31985  -0.02 264.05
1997-06-26T17:28:28.218     -21.70     72.77     26.32     80.37  31.32055  -0.02 264.07
1997-06-26T17:28:32.218     -21.23     72.80     26.57     80.35  31.32125  -0.02 264.09
1997-06-26T17:28:36.218     -20.76     73.07     26.19     80.35  31.32196  -0.02 264.11
1997-06-26T17:28:40.218     -21.08     73.00     25.89     80.27  31.32268  -0.02 264.13
1997-06-26T17:28:44.218     -22.18     72.50     25.30     79.93  31.32339  -0.02 264.16
1997-06-26T17:28:48.218     -24.37     71.28     24.53     79.22  31.32412  -0.02 264.18
1997-06-26T17:28:52.218     -23.56     70.94     22.93     78.18  31.32485  -0.02 264.20
1997-06-26T17:28:56.218     -22.27     70.36     23.42     77.43  31.32559  -0.02 264.22
1997-06-26T17:29:00.218     -21.41     69.70     24.98     77.08  31.32633  -0.02 264.24
1997-06-26T17:29:04.218     -21.49     69.47     26.60     77.43  31.32708  -0.02 264.26
1997-06-26T17:29:08.218     -21.48     69.71     27.36     77.91  31.32783  -0.02 264.28
1997-06-26T17:29:12.218     -21.70     69.52     28.05     78.04  31.32859  -0.02 264.30
1997-06-26T17:29:16.218     -21.50     69.98     28.14     78.43  31.32935  -0.02 264.32
1997-06-26T17:29:20.218     -22.88     70.27     27.83     78.97  31.33012  -0.02 264.35
1997-06-26T17:29:24.218     -24.26     69.49     27.96     78.74  31.33089  -0.02 264.37
1997-06-26T17:29:28.218     -24.52     67.68     27.15     76.93  31.33167  -0.02 264.39
1997-06-26T17:29:32.218     -22.43     64.55     26.10     73.15  31.33245  -0.02 264.41
1997-06-26T17:29:36.218     -21.26     61.65     25.03     69.85  31.33324  -0.02 264.43
1997-06-26T17:29:40.218     -21.06     58.75     24.35     66.99  31.33403  -0.02 264.45
1997-06-26T17:29:44.218     -21.54     55.00     22.78     63.31  31.33483  -0.02 264.47
1997-06-26T17:29:48.218     -20.55     51.54     20.57     59.17  31.33564  -0.02 264.49
1997-06-26T17:29:52.218     -20.40     47.77     16.51     54.50  31.33645  -0.02 264.52
1997-06-26T17:29:56.218     -19.01     45.59     16.35     52.03  31.33726  -0.02 264.54
1997-06-26T17:30:00.218     -20.43     44.56     18.32     52.33  31.33808  -0.02 264.56
1997-06-26T17:30:04.218     -20.77     44.94     19.54     53.23  31.33891  -0.02 264.58
1997-06-26T17:30:08.218     -19.32     46.39     18.61     53.59  31.33974  -0.02 264.60
1997-06-26T17:30:12.218     -19.56     47.11     17.62     53.97  31.34057  -0.02 264.62
1997-06-26T17:30:16.218     -20.69     47.51     17.45     54.68  31.34141  -0.02 264.64
1997-06-26T17:30:20.218     -22.54     48.03     17.76     55.95  31.34226  -0.02 264.66
1997-06-26T17:30:24.218     -22.14     48.21     19.15     56.40  31.34311  -0.02 264.69
1997-06-26T17:30:28.218     -20.28     50.26     20.58     57.97  31.34397  -0.02 264.71
1997-06-26T17:30:32.218     -17.98     52.11     21.39     59.13  31.34483  -0.02 264.73
1997-06-26T17:30:36.218     -15.81     52.91     21.19     59.15  31.34570  -0.02 264.75
1997-06-26T17:30:40.218     -13.59     52.36     21.32     58.14  31.34657  -0.02 264.77
1997-06-26T17:30:44.218     -16.58     50.15     18.76     56.06  31.34745  -0.02 264.79
1997-06-26T17:30:48.218     -18.69     54.26     18.50     60.29  31.34833  -0.02 264.81
1997-06-26T17:30:52.218     -20.27     57.87     19.16     64.24  31.34922  -0.02 264.83
1997-06-26T17:30:56.218     -20.46     60.79     21.84     67.76  31.35011  -0.02 264.86
1997-06-26T17:31:00.218     -20.57     62.90     22.74     69.98  31.35101  -0.02 264.88
1997-06-26T17:31:04.218     -19.59     63.65     22.56     70.31  31.35192  -0.02 264.90
1997-06-26T17:31:08.218     -21.04     62.03     22.22     69.17  31.35282  -0.02 264.92
1997-06-26T17:31:12.218     -22.36     59.25     21.22     66.78  31.35374  -0.02 264.94
1997-06-26T17:31:16.218     -22.30     58.12     22.10     66.05  31.35466  -0.02 264.96
1997-06-26T17:31:20.218     -21.29     59.74     22.70     67.36  31.35558  -0.02 264.98
1997-06-26T17:31:24.218     -18.82     60.64     21.96     67.18  31.35651  -0.02 265.00
1997-06-26T17:31:28.218     -15.20     58.38     19.65     63.45  31.35745  -0.02 265.02
1997-06-26T17:31:32.218     -12.37     55.31     17.73     59.38  31.35839  -0.02 265.05
1997-06-26T17:31:36.218     -13.39     53.46     16.74     57.60  31.35933  -0.02 265.07
1997-06-26T17:31:40.218     -14.41     53.47     17.07     57.95  31.36028  -0.02 265.09
1997-06-26T17:31:44.218     -14.99     54.07     17.74     58.85  31.36124  -0.02 265.11
1997-06-26T17:31:48.218     -15.60     53.58     17.15     58.38  31.36220  -0.02 265.13
1997-06-26T17:31:52.218     -16.61     49.01     15.66     54.07  31.36317  -0.02 265.15
1997-06-26T17:31:56.218     -17.56     40.72     14.32     46.60  31.36414  -0.02 265.17
1997-06-26T17:32:00.218     -18.80     35.12     12.18     41.66  31.36512  -0.02 265.19
1997-06-26T17:32:04.218     -21.06     36.01     10.93     43.12  31.36610  -0.02 265.22
1997-06-26T17:32:08.218     -22.49     42.50     11.93     49.54  31.36708  -0.02 265.24
1997-06-26T17:32:12.218     -21.04     48.67     15.08     55.12  31.36808  -0.02 265.26
1997-06-26T17:32:16.218     -19.87     54.63     18.48     61.00  31.36908  -0.02 265.28
1997-06-26T17:32:20.218     -20.07     58.28     21.69     65.34  31.37008  -0.02 265.30
1997-06-26T17:32:24.218     -20.08     56.84     23.45     64.68  31.37109  -0.02 265.32
1997-06-26T17:32:28.218     -19.24     49.99     21.99     57.91  31.37210  -0.02 265.34
1997-06-26T17:32:32.218     -19.09     39.17     18.14     47.20  31.37312  -0.02 265.36
1997-06-26T17:32:36.218     -20.86     40.67     16.31     48.53  31.37414  -0.02 265.38
1997-06-26T17:32:40.218     -22.06     50.46     19.04     58.27  31.37517  -0.02 265.41
1997-06-26T17:32:44.218     -22.89     55.07     22.03     63.58  31.37621  -0.02 265.43
1997-06-26T17:32:48.218     -24.21     56.16     24.44     65.86  31.37724  -0.02 265.45
1997-06-26T17:32:52.218     -23.74     56.21     24.93     65.91  31.37829  -0.02 265.47
1997-06-26T17:32:56.218     -24.18     59.12     26.64     69.21  31.37934  -0.02 265.49
1997-06-26T17:33:00.218     -23.07     62.53     29.55     72.91  31.38040  -0.02 265.51
1997-06-26T17:33:04.218     -21.69     65.35     29.67     74.97  31.38146  -0.02 265.53
1997-06-26T17:33:08.218     -23.08     65.99     30.26     76.18  31.38252  -0.02 265.55
1997-06-26T17:33:12.218     -23.11     66.14     32.13     77.08  31.38359  -0.02 265.58
1997-06-26T17:33:16.218     -21.99     63.07     31.96     74.05  31.38467  -0.02 265.60
1997-06-26T17:33:20.218     -14.42     52.01     27.87     60.75  31.38575  -0.02 265.62
1997-06-26T17:33:24.218     -11.62     44.65     22.78     51.46  31.38684  -0.02 265.64
1997-06-26T17:33:28.218     -15.45     45.89     21.84     53.12  31.38793  -0.02 265.66
1997-06-26T17:33:32.218     -19.28     51.52     23.96     60.01  31.38902  -0.02 265.68
1997-06-26T17:33:36.218     -18.89     53.81     25.43     62.44  31.39013  -0.02 265.70
1997-06-26T17:33:40.218     -18.28     56.31     27.15     65.13  31.39123  -0.02 265.72
1997-06-26T17:33:44.218     -19.86     62.23     29.39     71.63  31.39235  -0.02 265.74
1997-06-26T17:33:48.218     -21.82     66.40     30.62     76.30  31.39346  -0.02 265.77
1997-06-26T17:33:52.218     -24.33     67.25     30.79     77.86  31.39459  -0.02 265.79
1997-06-26T17:33:56.218     -25.02     68.95     32.08     80.05  31.39571  -0.02 265.81
1997-06-26T17:34:00.218     -24.12     69.72     32.85     80.76  31.39685  -0.02 265.83
1997-06-26T17:34:04.218     -22.19     68.55     32.61     79.09  31.39799  -0.02 265.85
1997-06-26T17:34:08.218     -20.37     66.63     31.98     76.66  31.39913  -0.02 265.87
1997-06-26T17:34:12.218     -22.94     66.52     30.25     76.59  31.40028  -0.02 265.89
1997-06-26T17:34:16.218     -21.76     68.87     31.50     78.79  31.40143  -0.02 265.91
1997-06-26T17:34:20.218     -21.20     70.70     31.87     80.40  31.40259  -0.02 265.93
1997-06-26T17:34:24.218     -22.12     71.89     31.23     81.44  31.40376  -0.02 265.96
1997-06-26T17:34:28.218     -21.49     72.38     31.10     81.66  31.40492  -0.02 265.98
1997-06-26T17:34:32.218     -23.18     71.87     30.95     81.61  31.40610  -0.02 266.00
1997-06-26T17:34:36.218     -25.02     69.60     31.80     80.51  31.40728  -0.02 266.02
1997-06-26T17:34:40.218     -25.65     67.30     31.59     78.64  31.40847  -0.02 266.04
1997-06-26T17:34:44.218     -26.22     65.50     30.38     76.81  31.40966  -0.02 266.06
1997-06-26T17:34:48.218     -27.62     63.28     29.91     75.25  31.41085  -0.02 266.08
1997-06-26T17:34:52.218     -28.08     64.57     28.64     76.02  31.41205  -0.02 266.10
1997-06-26T17:34:56.218     -25.80     66.84     29.14     77.35  31.41326  -0.02 266.12
1997-06-26T17:35:00.218     -22.39     69.39     32.59     79.86  31.41447  -0.02 266.15
1997-06-26T17:35:04.218     -22.86     71.37     32.99     81.88  31.41569  -0.02 266.17
1997-06-26T17:35:08.218     -22.17     71.26     31.18     80.88  31.41691  -0.02 266.19
1997-06-26T17:35:12.218     -21.00     70.44     31.22     79.86  31.41813  -0.02 266.21
1997-06-26T17:35:16.218     -20.45     71.43     30.01     80.13  31.41937  -0.02 266.23
1997-06-26T17:35:20.218     -20.50     71.36     31.00     80.45  31.42060  -0.02 266.25
1997-06-26T17:35:24.218     -19.61     71.69     31.96     80.91  31.42185  -0.02 266.27
1997-06-26T17:35:28.218     -19.97     71.17     32.56     80.77  31.42309  -0.02 266.29
1997-06-26T17:35:32.218     -20.33     70.70     32.61     80.47  31.42435  -0.02 266.31
1997-06-26T17:35:36.218     -19.99     69.65     32.58     79.45  31.42560  -0.02 266.34
1997-06-26T17:35:40.218     -20.01     67.19     30.89     76.61  31.42687  -0.02 266.36
1997-06-26T17:35:44.218     -18.82     64.14     30.32     73.40  31.42813  -0.02 266.38
1997-06-26T17:35:48.218     -19.07     62.69     30.28     72.18  31.42941  -0.02 266.40
1997-06-26T17:35:52.218     -18.68     63.84     30.52     73.18  31.43069  -0.02 266.42
1997-06-26T17:35:56.218     -17.05     64.14     28.79     72.35  31.43197  -0.02 266.44
1997-06-26T17:36:00.218     -17.33     60.11     28.23     68.63  31.43326  -0.02 266.46
1997-06-26T17:36:04.218     -19.78     58.86     25.62     67.17  31.43456  -0.02 266.48
1997-06-26T17:36:08.218     -21.49     59.88     26.98     69.10  31.43585  -0.02 266.50
1997-06-26T17:36:12.218     -23.19     59.60     28.47     70.00  31.43716  -0.02 266.52
1997-06-26T17:36:16.218     -22.62     60.36     28.24     70.38  31.43847  -0.02 266.55
1997-06-26T17:36:20.218     -19.30     60.80     29.16     70.13  31.43978  -0.02 266.57
1997-06-26T17:36:24.218     -12.62     56.50     27.35     64.02  31.44110  -0.02 266.59
1997-06-26T17:36:28.218      -7.94     50.69     23.68     56.51  31.44243  -0.02 266.61
1997-06-26T17:36:32.218      -6.49     49.80     20.68     54.31  31.44376  -0.02 266.63
1997-06-26T17:36:36.218      -9.38     51.63     21.35     56.65  31.44510  -0.02 266.65
1997-06-26T17:36:40.218     -11.68     48.94     21.24     54.61  31.44644  -0.02 266.67
1997-06-26T17:36:44.218     -12.20     46.24     18.32     51.21  31.44778  -0.02 266.69
1997-06-26T17:36:48.218     -10.84     47.41     17.26     51.61  31.44913  -0.02 266.71
1997-06-26T17:36:52.218     -11.09     51.02     19.73     55.82  31.45049  -0.02 266.74
1997-06-26T17:36:56.218     -12.42     48.83     19.83     54.14  31.45185  -0.02 266.76
1997-06-26T17:37:00.218     -13.12     38.65     16.71     44.10  31.45322  -0.02 266.78
1997-06-26T17:37:04.218     -13.78     32.44     12.41     37.37  31.45459  -0.02 266.80
1997-06-26T17:37:08.218     -11.71     34.15     11.71     37.95  31.45597  -0.02 266.82
1997-06-26T17:37:12.218      -5.97     36.47     13.64     39.39  31.45735  -0.02 266.84
1997-06-26T17:37:16.218      -3.82     37.14     15.58     40.46  31.45874  -0.02 266.86
1997-06-26T17:37:20.218      -6.35     40.66     16.39     44.29  31.46013  -0.02 266.88
1997-06-26T17:37:24.218     -10.85     46.50     17.66     50.91  31.46153  -0.02 266.90
1997-06-26T17:37:28.218     -12.96     49.52     18.09     54.29  31.46293  -0.02 266.92
1997-06-26T17:37:32.218     -12.18     49.20     19.19     54.20  31.46434  -0.02 266.95
1997-06-26T17:37:36.218     -12.82     48.89     19.43     54.15  31.46575  -0.02 266.97
1997-06-26T17:37:40.218     -14.91     50.43     19.96     56.25  31.46717  -0.02 266.99
1997-06-26T17:37:44.218     -17.55     53.50     22.55     60.65  31.46859  -0.02 267.01
1997-06-26T17:37:48.218     -16.60     52.93     22.94     60.03  31.47002  -0.02 267.03
1997-06-26T17:37:52.218     -14.85     48.20     19.75     54.17  31.47145  -0.02 267.05
1997-06-26T17:37:56.218     -14.29     41.14     14.67     45.96  31.47289  -0.02 267.07
1997-06-26T17:38:00.218     -15.15     36.18     11.51     40.88  31.47434  -0.02 267.09
1997-06-26T17:38:04.218     -16.91     38.96     12.67     44.32  31.47579  -0.02 267.11
1997-06-26T17:38:08.218     -17.19     48.15     17.34     53.98  31.47724  -0.02 267.13
1997-06-26T17:38:12.218     -21.50     56.02     21.28     63.66  31.47870  -0.02 267.16
1997-06-26T17:38:16.218     -25.37     60.69     25.16     70.42  31.48017  -0.02 267.18
1997-06-26T17:38:20.218     -28.04     64.56     27.99     75.75  31.48164  -0.02 267.20
1997-06-26T17:38:24.218     -27.87     67.83     29.06     78.88  31.48311  -0.02 267.22
1997-06-26T17:38:28.218     -24.46     71.05     30.17     80.97  31.48459  -0.02 267.24
1997-06-26T17:38:32.218     -21.11     72.56     31.54     81.89  31.48608  -0.02 267.26
1997-06-26T17:38:36.218     -20.27     73.98     31.76     83.02  31.48757  -0.02 267.28
1997-06-26T17:38:40.218     -19.93     75.45     33.34     84.86  31.48907  -0.02 267.30
1997-06-26T17:38:44.218     -18.54     76.00     33.37     85.04  31.49057  -0.02 267.32
1997-06-26T17:38:48.218     -16.30     76.17     33.83     84.92  31.49207  -0.02 267.34
1997-06-26T17:38:52.218     -17.25     76.13     34.68     85.42  31.49358  -0.02 267.37
1997-06-26T17:38:56.218     -18.10     76.69     34.91     86.18  31.49510  -0.02 267.39
1997-06-26T17:39:00.218     -16.53     75.95     34.11     84.89  31.49662  -0.02 267.41
1997-06-26T17:39:04.218     -14.92     75.23     34.86     84.25  31.49815  -0.02 267.43
1997-06-26T17:39:08.218     -15.12     75.34     35.75     84.75  31.49968  -0.02 267.45
1997-06-26T17:39:12.218     -15.84     75.28     36.80     85.28  31.50122  -0.02 267.47
1997-06-26T17:39:16.218     -16.55     75.31     37.19     85.61  31.50276  -0.02 267.49
1997-06-26T17:39:20.218     -16.04     73.94     36.98     84.21  31.50431  -0.02 267.51
1997-06-26T17:39:24.218     -15.77     73.73     37.56     84.24  31.50586  -0.02 267.53
1997-06-26T17:39:28.218     -16.65     73.51     37.12     84.01  31.50742  -0.02 267.55
1997-06-26T17:39:32.218     -17.89     73.55     36.80     84.17  31.50898  -0.02 267.58
1997-06-26T17:39:36.218     -18.32     74.28     35.88     84.50  31.51055  -0.02 267.60
1997-06-26T17:39:40.218     -17.29     74.18     34.63     83.67  31.51212  -0.02 267.62
1997-06-26T17:39:44.218     -16.99     74.79     34.27     84.01  31.51370  -0.02 267.64
1997-06-26T17:39:48.218     -18.30     75.20     34.83     84.87  31.51528  -0.02 267.66
1997-06-26T17:39:52.218     -19.75     75.23     35.44     85.48  31.51687  -0.02 267.68
1997-06-26T17:39:56.218     -20.03     75.09     36.12     85.70  31.51847  -0.02 267.70
1997-06-26T17:40:00.218     -18.66     74.91     35.50     84.97  31.52006  -0.02 267.72
1997-06-26T17:40:04.218     -17.97     74.76     34.77     84.39  31.52167  -0.02 267.74
1997-06-26T17:40:08.218     -17.95     74.21     34.92     83.96  31.52328  -0.02 267.76
1997-06-26T17:40:12.218     -19.06     73.52     36.05     84.07  31.52489  -0.02 267.79
1997-06-26T17:40:16.218     -19.39     73.67     35.75     84.15  31.52651  -0.02 267.81
1997-06-26T17:40:20.218     -19.48     73.69     35.95     84.27  31.52814  -0.02 267.83
1997-06-26T17:40:24.218     -19.49     73.62     35.88     84.18  31.52976  -0.02 267.85
1997-06-26T17:40:28.218     -19.78     73.75     36.07     84.45  31.53140  -0.02 267.87
1997-06-26T17:40:32.218     -20.14     74.34     36.40     85.18  31.53304  -0.02 267.89
1997-06-26T17:40:36.218     -19.09     74.09     36.23     84.66  31.53468  -0.02 267.91
1997-06-26T17:40:40.218     -18.22     73.14     35.66     83.38  31.53633  -0.02 267.93
1997-06-26T17:40:44.218     -18.35     71.80     35.25     82.06  31.53799  -0.02 267.95
1997-06-26T17:40:48.218     -18.23     70.66     36.11     81.42  31.53965  -0.02 267.97
1997-06-26T17:40:52.218     -18.24     70.56     35.65     81.13  31.54132  -0.02 267.99
1997-06-26T17:40:56.218     -16.66     70.51     35.24     80.57  31.54299  -0.02 268.02
1997-06-26T17:41:00.218     -15.71     70.55     35.50     80.53  31.54466  -0.02 268.04
1997-06-26T17:41:04.218     -16.29     70.84     36.09     81.15  31.54634  -0.02 268.06
1997-06-26T17:41:08.218     -17.33     71.59     35.99     81.98  31.54803  -0.02 268.08
1997-06-26T17:41:12.218     -18.21     71.78     35.25     82.02  31.54972  -0.02 268.10
1997-06-26T17:41:16.218     -18.90     71.73     35.43     82.21  31.55142  -0.02 268.12
1997-06-26T17:41:20.218     -19.16     71.23     35.83     82.00  31.55312  -0.02 268.14
1997-06-26T17:41:24.218     -19.82     71.08     35.73     81.99  31.55482  -0.02 268.16
1997-06-26T17:41:28.218     -20.55     70.77     35.31     81.71  31.55654  -0.02 268.18
1997-06-26T17:41:32.218     -20.39     70.80     35.15     81.64  31.55825  -0.02 268.20
1997-06-26T17:41:36.218     -20.52     70.93     34.86     81.66  31.55997  -0.02 268.22
1997-06-26T17:41:40.218     -20.69     70.91     35.36     81.89  31.56170  -0.02 268.25
1997-06-26T17:41:44.218     -22.29     70.87     35.72     82.44  31.56343  -0.02 268.27
1997-06-26T17:41:48.218     -24.67     69.74     35.93     82.24  31.56517  -0.02 268.29
1997-06-26T17:41:52.218     -27.19     68.80     33.85     81.35  31.56691  -0.02 268.31
1997-06-26T17:41:56.218     -29.33     66.59     31.30     79.21  31.56866  -0.02 268.33
1997-06-26T17:42:00.218     -30.77     63.88     28.76     76.51  31.57041  -0.02 268.35
1997-06-26T17:42:04.218     -27.65     62.49     28.75     74.13  31.57217  -0.02 268.37
1997-06-26T17:42:08.218     -23.07     60.50     27.69     70.43  31.57393  -0.02 268.39
1997-06-26T17:42:12.218     -17.77     55.73     25.55     63.83  31.57570  -0.02 268.41
1997-06-26T17:42:16.218     -13.29     49.51     24.99     57.03  31.57747  -0.02 268.43
1997-06-26T17:42:20.218     -15.50     50.72     27.36     59.68  31.57925  -0.02 268.45
1997-06-26T17:42:24.218     -18.21     54.63     29.93     64.90  31.58104  -0.02 268.47
1997-06-26T17:42:28.218     -18.96     52.61     28.85     62.92  31.58282  -0.02 268.50
1997-06-26T17:42:32.218     -18.04     52.44     27.19     61.76  31.58462  -0.02 268.52
1997-06-26T17:42:36.218     -19.86     57.98     28.08     67.41  31.58642  -0.02 268.54
1997-06-26T17:42:40.218     -22.24     64.05     30.67     74.41  31.58822  -0.02 268.56
1997-06-26T17:42:44.218     -22.29     68.89     32.26     79.27  31.59003  -0.02 268.58
1997-06-26T17:42:48.218     -20.80     71.78     33.82     82.03  31.59184  -0.02 268.60
1997-06-26T17:42:52.218     -17.92     73.03     34.53     82.74  31.59366  -0.02 268.62
1997-06-26T17:42:56.218     -16.76     72.98     35.16     82.72  31.59549  -0.02 268.64
1997-06-26T17:43:00.218     -16.55     72.97     35.91     83.00  31.59732  -0.02 268.66
1997-06-26T17:43:04.218     -15.39     73.47     36.59     83.51  31.59915  -0.02 268.68
1997-06-26T17:43:08.218     -14.71     73.47     37.51     83.79  31.60099  -0.02 268.70
1997-06-26T17:43:12.218     -15.18     73.43     38.21     84.16  31.60283  -0.02 268.72
1997-06-26T17:43:16.218     -16.16     73.12     39.47     84.64  31.60468  -0.02 268.75
1997-06-26T17:43:20.218     -16.81     73.81     39.43     85.36  31.60654  -0.02 268.77
1997-06-26T17:43:24.218     -16.82     73.78     38.64     84.97  31.60840  -0.02 268.79
1997-06-26T17:43:28.218     -17.27     73.78     38.69     85.08  31.61026  -0.02 268.81
1997-06-26T17:43:32.218     -19.14     73.68     38.74     85.41  31.61213  -0.02 268.83
1997-06-26T17:43:36.218     -19.59     74.16     38.60     85.86  31.61401  -0.02 268.85
1997-06-26T17:43:40.218     -19.63     74.26     39.30     86.28  31.61589  -0.02 268.87
1997-06-26T17:43:44.218     -19.38     74.22     39.39     86.23  31.61777  -0.02 268.89
1997-06-26T17:43:48.218     -18.81     74.29     40.03     86.46  31.61967  -0.02 268.91
1997-06-26T17:43:52.218     -18.73     74.81     40.06     86.90  31.62156  -0.02 268.93
1997-06-26T17:43:56.218     -19.19     75.02     40.31     87.30  31.62346  -0.02 268.95
1997-06-26T17:44:00.218     -19.63     75.20     40.33     87.56  31.62537  -0.02 268.97
1997-06-26T17:44:04.218     -18.84     75.58     40.04     87.58  31.62728  -0.02 269.00
1997-06-26T17:44:08.218     -17.43     75.62     39.51     87.08  31.62919  -0.02 269.02
1997-06-26T17:44:12.218     -17.65     75.38     39.49     86.91  31.63111  -0.02 269.04
1997-06-26T17:44:16.218     -18.45     75.25     39.87     87.14  31.63304  -0.02 269.06
1997-06-26T17:44:20.218     -19.34     74.63     40.19     86.95  31.63497  -0.02 269.08
1997-06-26T17:44:24.218     -18.69     74.17     40.25     86.43  31.63691  -0.02 269.10
1997-06-26T17:44:28.218     -18.38     73.70     40.15     85.92  31.63885  -0.02 269.12
1997-06-26T17:44:32.218     -18.51     73.39     40.90     86.03  31.64079  -0.02 269.14
1997-06-26T17:44:36.218     -19.10     73.88     40.93     86.59  31.64275  -0.02 269.16
1997-06-26T17:44:40.218     -19.88     73.99     40.38     86.61  31.64470  -0.02 269.18
1997-06-26T17:44:44.218     -19.42     73.99     39.97     86.31  31.64666  -0.02 269.20
1997-06-26T17:44:48.218     -18.96     73.80     40.08     86.10  31.64863  -0.02 269.22
1997-06-26T17:44:52.218     -19.16     73.91     40.54     86.44  31.65060  -0.02 269.24
1997-06-26T17:44:56.218     -19.77     74.39     40.98     87.20  31.65258  -0.02 269.26
1997-06-26T17:45:00.218     -19.67     74.78     41.00     87.52  31.65456  -0.02 269.29
1997-06-26T17:45:04.218     -18.67     74.94     40.53     87.22  31.65655  -0.02 269.31
1997-06-26T17:45:08.218     -17.30     74.84     41.31     87.22  31.65854  -0.02 269.33
1997-06-26T17:45:12.218     -18.18     75.14     41.31     87.65  31.66054  -0.02 269.35
1997-06-26T17:45:16.218     -19.10     75.10     41.09     87.71  31.66254  -0.02 269.37
1997-06-26T17:45:20.218     -18.31     74.70     41.50     87.39  31.66455  -0.02 269.39
1997-06-26T17:45:24.218     -18.06     74.24     40.37     86.41  31.66656  -0.02 269.41
1997-06-26T17:45:28.218     -18.59     74.25     39.77     86.26  31.66858  -0.02 269.43
1997-06-26T17:45:32.218     -18.66     74.97     40.33     87.15  31.67060  -0.02 269.45
1997-06-26T17:45:36.218     -19.19     75.16     40.58     87.55  31.67263  -0.02 269.47
1997-06-26T17:45:40.218     -18.76     74.96     40.34     87.17  31.67466  -0.02 269.49
1997-06-26T17:45:44.218     -18.98     74.53     40.15     86.76  31.67670  -0.02 269.51
1997-06-26T17:45:48.218     -19.25     74.62     40.28     86.95  31.67874  -0.02 269.53
1997-06-26T17:45:52.218     -20.30     74.93     40.36     87.50  31.68079  -0.02 269.56
1997-06-26T17:45:56.218     -20.81     75.09     40.23     87.70  31.68284  -0.02 269.58
1997-06-26T17:46:00.218     -20.27     74.94     39.81     87.24  31.68490  -0.02 269.60
1997-06-26T17:46:04.218     -19.29     74.69     39.60     86.72  31.68696  -0.02 269.62
1997-06-26T17:46:08.218     -19.63     74.62     39.72     86.78  31.68903  -0.02 269.64
1997-06-26T17:46:12.218     -20.43     74.92     40.24     87.46  31.69110  -0.02 269.66
1997-06-26T17:46:16.218     -20.80     74.95     40.15     87.54  31.69318  -0.02 269.68
1997-06-26T17:46:20.218     -20.47     74.61     39.50     86.87  31.69526  -0.02 269.70
1997-06-26T17:46:24.218     -19.97     74.14     39.55     86.37  31.69735  -0.02 269.72
1997-06-26T17:46:28.218     -20.38     73.95     39.58     86.32  31.69944  -0.02 269.74
1997-06-26T17:46:32.218     -20.89     73.90     40.08     86.62  31.70154  -0.02 269.76
1997-06-26T17:46:36.218     -20.26     73.91     40.78     86.81  31.70365  -0.02 269.78
1997-06-26T17:46:40.218     -19.40     73.90     40.54     86.49  31.70576  -0.02 269.80
1997-06-26T17:46:44.218     -19.07     73.80     40.79     86.45  31.70787  -0.02 269.82
1997-06-26T17:46:48.218     -19.40     73.58     41.86     86.84  31.70999  -0.02 269.84
1997-06-26T17:46:52.218     -20.00     73.43     42.59     87.21  31.71211  -0.02 269.87
1997-06-26T17:46:56.218     -19.47     73.31     42.77     87.08  31.71424  -0.02 269.89
1997-06-26T17:47:00.218     -18.56     73.05     42.42     86.49  31.71637  -0.02 269.91
1997-06-26T17:47:04.218     -18.83     73.11     42.36     86.56  31.71851  -0.02 269.93
1997-06-26T17:47:08.218     -19.36     73.34     43.16     87.27  31.72066  -0.02 269.95
1997-06-26T17:47:12.218     -20.22     73.79     43.65     88.09  31.72280  -0.02 269.97
1997-06-26T17:47:16.218     -19.91     73.94     43.41     88.03  31.72496  -0.02 269.99
1997-06-26T17:47:20.218     -18.97     73.35     43.30     87.27  31.72712  -0.02 270.01
1997-06-26T17:47:24.218     -19.29     73.21     42.70     86.92  31.72928  -0.02 270.03
1997-06-26T17:47:28.218     -19.62     72.92     42.80     86.80  31.73145  -0.02 270.05
1997-06-26T17:47:32.218     -19.89     72.36     42.91     86.45  31.73362  -0.02 270.07
1997-06-26T17:47:36.218     -18.98     71.99     42.47     85.71  31.73580  -0.02 270.09
1997-06-26T17:47:40.218     -18.07     72.25     42.38     85.69  31.73799  -0.02 270.11
1997-06-26T17:47:44.218     -18.24     73.22     43.05     86.87  31.74018  -0.02 270.13
1997-06-26T17:47:48.218     -19.48     73.95     43.46     87.96  31.74237  -0.02 270.15
1997-06-26T17:47:52.218     -19.57     74.16     43.42     88.13  31.74457  -0.02 270.17
1997-06-26T17:47:56.218     -18.77     74.18     43.35     87.95  31.74677  -0.02 270.20
1997-06-26T17:48:00.218     -18.04     74.24     43.93     88.13  31.74898  -0.02 270.22
1997-06-26T17:48:04.218     -18.83     74.06     44.34     88.35  31.75120  -0.02 270.24
1997-06-26T17:48:08.218     -19.14     73.91     44.56     88.41  31.75341  -0.02 270.26
1997-06-26T17:48:12.218     -18.82     73.98     44.44     88.33  31.75564  -0.02 270.28
1997-06-26T17:48:16.218     -17.86     74.05     43.41     87.68  31.75787  -0.02 270.30
1997-06-26T17:48:20.218     -17.70     74.08     42.83     87.38  31.76010  -0.02 270.32
1997-06-26T17:48:24.218     -18.06     73.96     43.10     87.49  31.76234  -0.02 270.34
1997-06-26T17:48:28.218     -18.21     73.48     43.09     87.11  31.76459  -0.02 270.36
1997-06-26T17:48:32.218     -17.66     73.48     42.28     86.59  31.76683  -0.02 270.38
1997-06-26T17:48:36.218     -16.79     73.40     42.24     86.33  31.76909  -0.02 270.40
1997-06-26T17:48:40.218     -16.47     73.53     42.66     86.59  31.77135  -0.02 270.42
1997-06-26T17:48:44.218     -17.22     73.89     43.49     87.45  31.77361  -0.02 270.44
1997-06-26T17:48:48.218     -17.23     73.96     44.45     88.00  31.77588  -0.02 270.46
1997-06-26T17:48:52.218     -16.35     74.10     44.47     87.95  31.77816  -0.02 270.48
1997-06-26T17:48:56.218     -15.70     73.98     44.36     87.68  31.78044  -0.02 270.50
1997-06-26T17:49:00.218     -15.95     73.65     44.73     87.63  31.78272  -0.02 270.52
1997-06-26T17:49:04.218     -16.65     73.66     44.79     87.80  31.78501  -0.02 270.55
1997-06-26T17:49:08.218     -17.09     73.88     44.42     87.89  31.78730  -0.02 270.57
1997-06-26T17:49:12.218     -16.27     73.53     43.97     87.21  31.78960  -0.02 270.59
1997-06-26T17:49:16.218     -15.94     73.21     43.65     86.71  31.79191  -0.02 270.61
1997-06-26T17:49:20.218     -16.44     72.95     43.65     86.59  31.79422  -0.02 270.63
1997-06-26T17:49:24.218     -17.57     72.96     43.83     86.91  31.79653  -0.02 270.65
1997-06-26T17:49:28.218     -18.20     72.82     44.23     87.13  31.79885  -0.02 270.67
1997-06-26T17:49:32.218     -18.02     72.61     43.99     86.79  31.80118  -0.02 270.69
1997-06-26T17:49:36.218     -18.40     72.35     43.73     86.52  31.80351  -0.02 270.71
1997-06-26T17:49:40.218     -19.21     71.90     44.24     86.58  31.80584  -0.02 270.73
1997-06-26T17:49:44.218     -19.74     71.79     44.53     86.75  31.80818  -0.02 270.75
1997-06-26T17:49:48.218     -19.60     71.75     44.12     86.48  31.81052  -0.02 270.77
1997-06-26T17:49:52.218     -18.72     71.62     43.72     85.97  31.81287  -0.02 270.79
1997-06-26T17:49:56.218     -18.90     71.50     43.45     85.78  31.81523  -0.02 270.81
