1997-06-26T16:50:00.220     -11.81    -12.85    -58.72     61.26  30.40884  -9.26293   0.09274
1997-06-26T16:50:04.220     -12.33    -12.59    -58.69     61.28  30.41034  -9.25010   0.09276
1997-06-26T16:50:08.220     -12.28    -12.50    -58.68     61.24  30.41184  -9.23726   0.09278
1997-06-26T16:50:12.220     -11.81    -12.60    -58.69     61.17  30.41334  -9.22443   0.09280
1997-06-26T16:50:16.220     -11.65    -12.38    -58.78     61.19  30.41484  -9.21160   0.09282
1997-06-26T16:50:20.220     -12.10    -12.20    -58.91     61.37  30.41634  -9.19876   0.09284
1997-06-26T16:50:24.220     -12.39    -12.18    -58.93     61.44  30.41784  -9.18593   0.09287
1997-06-26T16:50:28.220     -12.07    -12.26    -58.95     61.41  30.41934  -9.17310   0.09289
1997-06-26T16:50:32.220     -11.50    -12.37    -58.93     61.30  30.42084  -9.16026   0.09291
1997-06-26T16:50:36.220     -11.64    -12.43    -58.75     61.17  30.42234  -9.14743   0.09293
1997-06-26T16:50:40.220     -12.19    -12.16    -58.50     60.98  30.42384  -9.13460   0.09295
1997-06-26T16:50:44.220     -12.32    -12.11    -58.49     60.99  30.42534  -9.12177   0.09297
1997-06-26T16:50:48.220     -11.89    -12.26    -58.55     60.99  30.42684  -9.10893   0.09299
1997-06-26T16:50:52.220     -11.34    -12.26    -58.59     60.92  30.42834  -9.09610   0.09301
1997-06-26T16:50:56.220     -11.59    -12.25    -58.49     60.87  30.42984  -9.08327   0.09303
1997-06-26T16:51:00.220     -12.24    -12.07    -58.47     60.94  30.43134  -9.07043   0.09305
1997-06-26T16:51:04.220     -12.45    -11.93    -58.35     60.84  30.43284  -9.05760   0.09307
1997-06-26T16:51:08.220     -11.90    -11.96    -58.28     60.68  30.43434  -9.04477   0.09310
1997-06-26T16:51:12.220     -11.69    -12.05    -58.39     60.75  30.43583  -9.03194   0.09312
1997-06-26T16:51:16.220     -12.15    -11.89    -58.52     60.94  30.43733  -9.01910   0.09314
1997-06-26T16:51:20.220     -12.77    -11.72    -58.51     61.02  30.43883  -9.00627   0.09316
1997-06-26T16:51:24.220     -12.69    -11.67    -58.38     60.88  30.44033  -8.99344   0.09318
1997-06-26T16:51:28.220     -12.00    -11.70    -58.28     60.65  30.44183  -8.98061   0.09320
1997-06-26T16:51:32.220     -11.84    -11.65    -58.16     60.49  30.44333  -8.96777   0.09322
1997-06-26T16:51:36.220     -12.50    -11.42    -58.15     60.57  30.44483  -8.95494   0.09324
1997-06-26T16:51:40.220     -12.87    -11.36    -58.27     60.74  30.44633  -8.94211   0.09326
1997-06-26T16:51:44.220     -12.49    -11.52    -58.15     60.58  30.44783  -8.92928   0.09328
1997-06-26T16:51:48.220     -11.83    -11.56    -57.96     60.28  30.44933  -8.91644   0.09330
1997-06-26T16:51:52.220     -11.79    -11.27    -57.84     60.09  30.45082  -8.90361   0.09333
1997-06-26T16:51:56.220     -12.44    -11.10    -57.96     60.31  30.45232  -8.89078   0.09335
1997-06-26T16:52:00.220     -12.75    -11.02    -58.11     60.50  30.45382  -8.87795   0.09337
1997-06-26T16:52:04.220     -12.19    -11.16    -58.18     60.49  30.45532  -8.86512   0.09339
1997-06-26T16:52:08.220     -11.83    -11.26    -58.22     60.47  30.45682  -8.85228   0.09341
1997-06-26T16:52:12.220     -12.07    -11.17    -58.29     60.56  30.45832  -8.83945   0.09343
1997-06-26T16:52:16.220     -12.64    -10.90    -58.13     60.47  30.45981  -8.82662   0.09345
1997-06-26T16:52:20.220     -12.70    -10.82    -57.80     60.16  30.46131  -8.81379   0.09347
1997-06-26T16:52:24.220     -12.05    -10.85    -57.81     60.04  30.46281  -8.80095   0.09349
1997-06-26T16:52:28.220     -11.91    -10.85    -57.89     60.09  30.46431  -8.78812   0.09351
1997-06-26T16:52:32.220     -12.28    -10.68    -58.13     60.36  30.46581  -8.77529   0.09353
1997-06-26T16:52:36.220     -12.71    -10.55    -58.31     60.61  30.46730  -8.76246   0.09356
1997-06-26T16:52:40.220     -12.63    -10.60    -58.34     60.62  30.46880  -8.74963   0.09358
1997-06-26T16:52:44.220     -12.22    -10.79    -58.62     60.85  30.47030  -8.73679   0.09360
1997-06-26T16:52:48.220     -12.21    -10.74    -58.72     60.93  30.47180  -8.72396   0.09362
1997-06-26T16:52:52.220     -12.69    -10.44    -58.92     61.16  30.47330  -8.71113   0.09364
1997-06-26T16:52:56.220     -13.16    -10.27    -58.82     61.14  30.47479  -8.69830   0.09366
1997-06-26T16:53:00.220     -12.77    -10.13    -58.53     60.75  30.47629  -8.68547   0.09368
1997-06-26T16:53:04.220     -12.15    -10.22    -58.24     60.36  30.47779  -8.67263   0.09370
1997-06-26T16:53:08.220     -12.09    -10.05    -57.94     60.04  30.47929  -8.65980   0.09372
1997-06-26T16:53:12.220     -12.58     -9.90    -57.63     59.82  30.48078  -8.64697   0.09374
1997-06-26T16:53:16.220     -12.68     -9.72    -57.36     59.54  30.48228  -8.63414   0.09376
1997-06-26T16:53:20.220     -12.24     -9.72    -57.35     59.44  30.48378  -8.62131   0.09378
1997-06-26T16:53:24.220     -11.74     -9.76    -57.44     59.44  30.48528  -8.60848   0.09381
1997-06-26T16:53:28.220     -11.95     -9.60    -57.55     59.56  30.48677  -8.59564   0.09383
1997-06-26T16:53:32.220     -12.56     -9.37    -57.77     59.86  30.48827  -8.58281   0.09385
1997-06-26T16:53:36.220     -12.78     -9.42    -58.01     60.15  30.48977  -8.56998   0.09387
1997-06-26T16:53:40.220     -12.25     -9.60    -57.99     60.05  30.49126  -8.55715   0.09389
1997-06-26T16:53:44.220     -11.89     -9.54    -57.82     59.80  30.49276  -8.54432   0.09391
1997-06-26T16:53:48.220     -12.25     -9.23    -57.96     59.95  30.49426  -8.53149   0.09393
1997-06-26T16:53:52.220     -12.88     -9.05    -58.12     60.21  30.49576  -8.51865   0.09395
1997-06-26T16:53:56.220     -12.78     -9.10    -58.03     60.11  30.49725  -8.50582   0.09397
1997-06-26T16:54:00.220     -12.20     -9.21    -57.92     59.91  30.49875  -8.49299   0.09399
1997-06-26T16:54:04.220     -12.17     -9.07    -57.79     59.75  30.50025  -8.48016   0.09401
1997-06-26T16:54:08.220     -12.68     -8.72    -57.79     59.80  30.50174  -8.46733   0.09404
1997-06-26T16:54:12.220     -13.10     -8.57    -57.65     59.74  30.50324  -8.45450   0.09406
1997-06-26T16:54:16.220     -12.80     -8.55    -57.65     59.67  30.50474  -8.44167   0.09408
1997-06-26T16:54:20.220     -12.21     -8.64    -57.87     59.77  30.50623  -8.42883   0.09410
1997-06-26T16:54:24.220     -12.25     -8.50    -57.95     59.83  30.50773  -8.41600   0.09412
1997-06-26T16:54:28.220     -12.87     -8.33    -58.14     60.12  30.50923  -8.40317   0.09414
1997-06-26T16:54:32.220     -13.08     -8.30    -58.29     60.31  30.51072  -8.39034   0.09416
1997-06-26T16:54:36.220     -12.69     -8.30    -58.52     60.45  30.51222  -8.37751   0.09418
1997-06-26T16:54:40.220     -12.25     -8.45    -58.75     60.61  30.51371  -8.36468   0.09420
1997-06-26T16:54:44.220     -12.56     -8.27    -58.88     60.77  30.51521  -8.35185   0.09422
1997-06-26T16:54:48.220     -13.28     -8.05    -59.11     61.12  30.51671  -8.33902   0.09424
1997-06-26T16:54:52.220     -13.73     -7.89    -59.34     61.41  30.51820  -8.32619   0.09427
1997-06-26T16:54:56.220     -13.32     -8.11    -60.02     62.01  30.51970  -8.31335   0.09429
1997-06-26T16:55:00.220     -13.07     -8.29    -60.62     62.56  30.52119  -8.30052   0.09431
1997-06-26T16:55:04.220     -13.52     -8.08    -61.03     63.03  30.52269  -8.28769   0.09433
1997-06-26T16:55:08.220     -14.19     -7.83    -60.84     62.96  30.52419  -8.27486   0.09435
1997-06-26T16:55:12.220     -13.98     -7.72    -60.36     62.43  30.52568  -8.26203   0.09437
1997-06-26T16:55:16.220     -13.10     -7.94    -59.78     61.71  30.52718  -8.24920   0.09439
1997-06-26T16:55:20.220     -12.69     -7.79    -59.08     60.93  30.52867  -8.23637   0.09441
1997-06-26T16:55:24.220     -12.93     -7.61    -58.46     60.35  30.53017  -8.22354   0.09443
1997-06-26T16:55:28.220     -13.17     -7.51    -58.11     60.05  30.53167  -8.21071   0.09445
1997-06-26T16:55:32.220     -12.77     -7.64    -57.81     59.69  30.53316  -8.19788   0.09447
1997-06-26T16:55:36.220     -12.04     -7.62    -57.50     59.24  30.53466  -8.18504   0.09449
1997-06-26T16:55:40.220     -11.86     -7.38    -57.33     59.01  30.53615  -8.17221   0.09452
1997-06-26T16:55:44.220     -12.38     -7.20    -57.50     59.26  30.53765  -8.15938   0.09454
1997-06-26T16:55:48.220     -12.65     -7.30    -57.37     59.20  30.53914  -8.14655   0.09456
1997-06-26T16:55:52.220     -12.21     -7.25    -57.35     59.08  30.54064  -8.13372   0.09458
1997-06-26T16:55:56.220     -11.82     -7.34    -57.40     59.06  30.54213  -8.12089   0.09460
1997-06-26T16:56:00.220     -12.08     -7.15    -57.29     58.99  30.54363  -8.10806   0.09462
1997-06-26T16:56:04.220     -12.71     -6.91    -57.15     58.95  30.54512  -8.09523   0.09464
1997-06-26T16:56:08.220     -12.90     -6.72    -57.01     58.84  30.54662  -8.08240   0.09466
1997-06-26T16:56:12.220     -12.33     -6.70    -56.97     58.68  30.54811  -8.06957   0.09468
1997-06-26T16:56:16.220     -12.12     -6.89    -57.21     58.89  30.54961  -8.05674   0.09470
1997-06-26T16:56:20.220     -12.52     -6.84    -57.49     59.24  30.55110  -8.04391   0.09472
1997-06-26T16:56:24.220     -13.17     -6.73    -57.78     59.65  30.55260  -8.03108   0.09475
1997-06-26T16:56:28.220     -13.22     -6.72    -57.96     59.82  30.55409  -8.01825   0.09477
1997-06-26T16:56:32.220     -12.51     -6.77    -57.94     59.66  30.55559  -8.00542   0.09479
1997-06-26T16:56:36.220     -12.31     -6.77    -57.80     59.49  30.55708  -7.99259   0.09481
1997-06-26T16:56:40.220     -12.75     -6.52    -57.89     59.63  30.55858  -7.97976   0.09483
1997-06-26T16:56:44.220     -13.16     -6.31    -57.81     59.63  30.56007  -7.96693   0.09485
1997-06-26T16:56:48.220     -13.01     -6.26    -58.00     59.77  30.56157  -7.95409   0.09487
1997-06-26T16:56:52.220     -12.51     -6.55    -58.34     60.03  30.56306  -7.94126   0.09489
1997-06-26T16:56:56.220     -12.63     -6.55    -58.53     60.23  30.56455  -7.92843   0.09491
1997-06-26T16:57:00.219     -13.31     -6.40    -58.73     60.56  30.56605  -7.91561   0.09493
1997-06-26T16:57:04.219     -13.60     -6.27    -58.96     60.83  30.56754  -7.90278   0.09495
1997-06-26T16:57:08.219     -13.12     -6.37    -59.02     60.80  30.56904  -7.88995   0.09497
1997-06-26T16:57:12.219     -12.65     -6.53    -59.13     60.82  30.57053  -7.87712   0.09500
1997-06-26T16:57:16.219     -12.94     -6.37    -59.25     60.98  30.57202  -7.86429   0.09502
1997-06-26T16:57:20.219     -13.66     -6.19    -59.28     61.15  30.57352  -7.85146   0.09504
1997-06-26T16:57:24.219     -13.89     -6.10    -59.18     61.09  30.57501  -7.83863   0.09506
1997-06-26T16:57:28.219     -13.38     -6.16    -58.98     60.79  30.57651  -7.82580   0.09508
1997-06-26T16:57:32.219     -12.95     -6.19    -58.82     60.55  30.57800  -7.81297   0.09510
1997-06-26T16:57:36.219     -13.23     -5.79    -58.78     60.53  30.57949  -7.80014   0.09512
1997-06-26T16:57:40.219     -13.90     -5.53    -58.73     60.60  30.58099  -7.78731   0.09514
1997-06-26T16:57:44.219     -13.93     -5.49    -58.41     60.30  30.58248  -7.77448   0.09516
1997-06-26T16:57:48.219     -13.16     -5.56    -57.79     59.53  30.58397  -7.76165   0.09518
1997-06-26T16:57:52.219     -12.98     -5.55    -57.73     59.43  30.58547  -7.74882   0.09520
1997-06-26T16:57:56.219     -13.53     -5.31    -58.09     59.88  30.58696  -7.73599   0.09523
1997-06-26T16:58:00.219     -14.10     -5.30    -57.83     59.76  30.58846  -7.72316   0.09525
1997-06-26T16:58:04.219     -13.74     -5.17    -57.92     59.75  30.58995  -7.71033   0.09527
1997-06-26T16:58:08.219     -13.19     -5.20    -58.13     59.84  30.59144  -7.69750   0.09529
1997-06-26T16:58:12.219     -13.12     -5.18    -57.98     59.67  30.59294  -7.68467   0.09531
1997-06-26T16:58:16.219     -13.54     -5.03    -57.91     59.69  30.59443  -7.67184   0.09533
1997-06-26T16:58:20.219     -13.78     -4.73    -57.77     59.58  30.59592  -7.65901   0.09535
1997-06-26T16:58:24.219     -13.30     -4.73    -57.73     59.43  30.59741  -7.64618   0.09537
1997-06-26T16:58:28.219     -12.76     -4.89    -57.68     59.27  30.59891  -7.63335   0.09539
1997-06-26T16:58:32.219     -12.91     -4.74    -57.63     59.24  30.60040  -7.62052   0.09541
1997-06-26T16:58:36.219     -13.52     -4.41    -57.85     59.58  30.60189  -7.60769   0.09543
1997-06-26T16:58:40.219     -13.80     -4.38    -58.15     59.92  30.60339  -7.59486   0.09545
1997-06-26T16:58:44.219     -13.28     -4.22    -58.00     59.65  30.60488  -7.58203   0.09548
1997-06-26T16:58:48.219     -12.93     -4.45    -58.14     59.73  30.60637  -7.56920   0.09550
1997-06-26T16:58:52.219     -13.30     -4.25    -58.50     60.14  30.60786  -7.55637   0.09552
1997-06-26T16:58:56.219     -14.00     -4.04    -58.65     60.43  30.60936  -7.54354   0.09554
1997-06-26T16:59:00.219     -13.98     -4.00    -58.60     60.38  30.61085  -7.53071   0.09556
1997-06-26T16:59:04.219     -13.35     -4.10    -58.52     60.16  30.61234  -7.51788   0.09558
1997-06-26T16:59:08.219     -13.14     -4.18    -58.52     60.12  30.61383  -7.50505   0.09560
1997-06-26T16:59:12.219     -13.43     -4.00    -58.63     60.28  30.61533  -7.49222   0.09562
1997-06-26T16:59:16.219     -13.85     -3.74    -58.60     60.33  30.61682  -7.47939   0.09564
1997-06-26T16:59:20.219     -13.73     -3.87    -58.55     60.26  30.61831  -7.46657   0.09566
1997-06-26T16:59:24.219     -13.17     -4.06    -58.61     60.21  30.61980  -7.45374   0.09568
1997-06-26T16:59:28.219     -12.94     -3.80    -58.42     59.95  30.62130  -7.44091   0.09571
1997-06-26T16:59:32.219     -13.47     -3.48    -58.22     59.86  30.62279  -7.42808   0.09573
1997-06-26T16:59:36.219     -13.96     -3.28    -57.98     59.73  30.62428  -7.41525   0.09575
1997-06-26T16:59:40.219     -13.58     -3.30    -57.84     59.51  30.62577  -7.40242   0.09577
1997-06-26T16:59:44.219     -13.14     -3.40    -57.95     59.52  30.62726  -7.38959   0.09579
1997-06-26T16:59:48.219     -13.25     -3.21    -57.97     59.56  30.62876  -7.37676   0.09581
1997-06-26T16:59:52.219     -13.70     -3.12    -57.89     59.57  30.63025  -7.36393   0.09583
1997-06-26T16:59:56.219     -14.03     -3.01    -57.83     59.58  30.63174  -7.35110   0.09585
1997-06-26T17:00:00.219     -13.49     -2.98    -57.75     59.38  30.63323  -7.33827   0.09587
1997-06-26T17:00:04.219     -13.18     -3.14    -58.00     59.56  30.63472  -7.32544   0.09589
1997-06-26T17:00:08.219     -13.44     -3.08    -57.83     59.45  30.63622  -7.31262   0.09591
1997-06-26T17:00:12.219     -13.74     -2.79    -56.90     58.60  30.63771  -7.29979   0.09593
1997-06-26T17:00:16.219     -13.84     -2.59    -56.77     58.49  30.63920  -7.28696   0.09596
1997-06-26T17:00:20.219     -13.35     -2.74    -57.58     59.17  30.64069  -7.27413   0.09598
1997-06-26T17:00:24.219     -13.28     -2.69    -58.11     59.67  30.64218  -7.26130   0.09600
1997-06-26T17:00:28.219     -13.69     -2.45    -58.24     59.88  30.64367  -7.24847   0.09602
1997-06-26T17:00:32.219     -14.34     -2.27    -58.06     59.85  30.64516  -7.23564   0.09604
1997-06-26T17:00:36.219     -14.24     -2.18    -58.12     59.87  30.64665  -7.22281   0.09606
1997-06-26T17:00:40.219     -13.74     -2.38    -58.60     60.23  30.64815  -7.20998   0.09608
1997-06-26T17:00:44.219     -13.62     -2.45    -59.04     60.64  30.64964  -7.19716   0.09610
1997-06-26T17:00:48.219     -14.07     -2.26    -59.11     60.80  30.65113  -7.18433   0.09612
1997-06-26T17:00:52.219     -14.34     -1.86    -58.83     60.58  30.65262  -7.17150   0.09614
1997-06-26T17:00:56.219     -13.88     -1.91    -58.82     60.46  30.65411  -7.15867   0.09616
1997-06-26T17:01:00.219     -13.27     -2.11    -58.70     60.22  30.65560  -7.14584   0.09619
1997-06-26T17:01:04.219     -13.09     -1.91    -58.02     59.51  30.65709  -7.13301   0.09621
1997-06-26T17:01:08.219     -13.44     -1.72    -57.29     58.87  30.65858  -7.12018   0.09623
1997-06-26T17:01:12.219     -13.76     -1.67    -57.63     59.27  30.66007  -7.10736   0.09625
1997-06-26T17:01:16.219     -13.31     -1.84    -57.81     59.35  30.66156  -7.09453   0.09627
1997-06-26T17:01:20.219     -13.03     -1.72    -58.56     60.01  30.66306  -7.08170   0.09629
1997-06-26T17:01:24.219     -13.42     -1.59    -59.18     60.71  30.66455  -7.06887   0.09631
1997-06-26T17:01:28.219     -14.13     -1.27    -59.46     61.13  30.66604  -7.05604   0.09633
1997-06-26T17:01:32.219     -14.16     -1.24    -59.13     60.81  30.66753  -7.04321   0.09635
1997-06-26T17:01:36.219     -13.46     -1.40    -59.01     60.54  30.66902  -7.03038   0.09637
1997-06-26T17:01:40.219     -13.19     -1.49    -59.08     60.55  30.67051  -7.01756   0.09639
1997-06-26T17:01:44.219     -13.50     -1.20    -59.28     60.81  30.67200  -7.00473   0.09641
1997-06-26T17:01:48.219     -14.05     -1.05    -59.18     60.84  30.67349  -6.99190   0.09644
1997-06-26T17:01:52.219     -13.83     -1.15    -58.85     60.47  30.67498  -6.97907   0.09646
1997-06-26T17:01:56.219     -13.10     -1.46    -58.20     59.68  30.67647  -6.96624   0.09648
1997-06-26T17:02:00.219     -12.75     -1.56    -57.49     58.91  30.67796  -6.95341   0.09650
1997-06-26T17:02:04.219     -13.10     -1.18    -57.52     59.01  30.67945  -6.94059   0.09652
1997-06-26T17:02:08.219     -13.46     -0.72    -58.02     59.57  30.68094  -6.92776   0.09654
1997-06-26T17:02:12.219     -13.18     -0.97    -58.42     59.89  30.68243  -6.91493   0.09656
1997-06-26T17:02:16.219     -12.57     -1.21    -58.60     59.95  30.68392  -6.90210   0.09658
1997-06-26T17:02:20.219     -12.52     -1.05    -58.38     59.72  30.68541  -6.88927   0.09660
1997-06-26T17:02:24.219     -13.03     -0.83    -58.39     59.83  30.68690  -6.87644   0.09662
1997-06-26T17:02:28.219     -13.49     -0.71    -58.61     60.14  30.68839  -6.86362   0.09664
1997-06-26T17:02:32.219     -13.15     -0.70    -58.68     60.14  30.68988  -6.85079   0.09666
1997-06-26T17:02:36.219     -12.74     -0.80    -58.78     60.15  30.69137  -6.83796   0.09669
1997-06-26T17:02:40.219     -12.91     -0.61    -58.84     60.25  30.69286  -6.82513   0.09671
1997-06-26T17:02:44.219     -13.50     -0.40    -58.93     60.46  30.69434  -6.81230   0.09673
1997-06-26T17:02:48.219     -13.67     -0.41    -59.06     60.62  30.69583  -6.79948   0.09675
1997-06-26T17:02:52.219     -13.12     -0.44    -59.11     60.55  30.69732  -6.78665   0.09677
1997-06-26T17:02:56.219     -12.90     -0.47    -59.09     60.48  30.69881  -6.77382   0.09679
1997-06-26T17:03:00.219     -13.17     -0.15    -59.09     60.54  30.70030  -6.76099   0.09681
1997-06-26T17:03:04.219     -13.63     -0.02    -58.99     60.55  30.70179  -6.74816   0.09683
1997-06-26T17:03:08.219     -13.53     -0.12    -58.90     60.43  30.70328  -6.73534   0.09685
1997-06-26T17:03:12.219     -12.89     -0.36    -58.84     60.24  30.70477  -6.72251   0.09687
1997-06-26T17:03:16.219     -12.74     -0.23    -58.70     60.07  30.70626  -6.70968   0.09689
1997-06-26T17:03:20.219     -13.14      0.10    -58.70     60.15  30.70775  -6.69685   0.09692
1997-06-26T17:03:24.219     -13.56      0.27    -58.65     60.19  30.70924  -6.68402   0.09694
1997-06-26T17:03:28.219     -13.25      0.20    -58.60     60.08  30.71072  -6.67120   0.09696
1997-06-26T17:03:32.219     -12.65     -0.01    -58.72     60.06  30.71221  -6.65837   0.09698
1997-06-26T17:03:36.219     -12.63      0.12    -58.69     60.03  30.71370  -6.64554   0.09700
1997-06-26T17:03:40.219     -13.17      0.40    -58.70     60.16  30.71519  -6.63271   0.09702
1997-06-26T17:03:44.219     -13.49      0.60    -58.57     60.11  30.71668  -6.61989   0.09704
1997-06-26T17:03:48.219     -12.96      0.50    -58.51     59.93  30.71817  -6.60706   0.09706
1997-06-26T17:03:52.219     -12.48      0.24    -58.70     60.01  30.71966  -6.59423   0.09708
1997-06-26T17:03:56.219     -12.65      0.36    -58.77     60.11  30.72114  -6.58140   0.09710
1997-06-26T17:04:00.219     -13.26      0.57    -58.84     60.32  30.72263  -6.56857   0.09712
1997-06-26T17:04:04.219     -13.38      0.69    -58.88     60.38  30.72412  -6.55575   0.09714
1997-06-26T17:04:08.219     -12.75      0.60    -58.95     60.31  30.72561  -6.54292   0.09717
1997-06-26T17:04:12.219     -12.45      0.53    -59.15     60.45  30.72710  -6.53009   0.09719
1997-06-26T17:04:16.219     -12.80      0.72    -59.48     60.85  30.72859  -6.51726   0.09721
1997-06-26T17:04:20.219     -13.36      0.88    -59.55     61.03  30.73007  -6.50444   0.09723
1997-06-26T17:04:24.219     -13.26      0.91    -59.34     60.81  30.73156  -6.49161   0.09725
1997-06-26T17:04:28.219     -12.56      0.70    -59.25     60.57  30.73305  -6.47878   0.09727
1997-06-26T17:04:32.219     -12.42      0.58    -59.33     60.62  30.73454  -6.46595   0.09729
1997-06-26T17:04:36.219     -12.86      0.71    -59.38     60.76  30.73602  -6.45313   0.09731
1997-06-26T17:04:40.219     -13.16      0.87    -59.28     60.73  30.73751  -6.44030   0.09733
1997-06-26T17:04:44.219     -12.87      0.70    -59.25     60.64  30.73900  -6.42747   0.09735
1997-06-26T17:04:48.219     -12.29      0.43    -59.23     60.49  30.74049  -6.41465   0.09737
1997-06-26T17:04:52.219     -12.22      0.39    -59.22     60.47  30.74198  -6.40182   0.09739
1997-06-26T17:04:56.219     -12.82      0.57    -59.35     60.73  30.74346  -6.38899   0.09742
1997-06-26T17:05:00.219     -13.19      0.69    -59.44     60.89  30.74495  -6.37616   0.09744
1997-06-26T17:05:04.219     -12.82      0.48    -59.51     60.88  30.74644  -6.36334   0.09746
1997-06-26T17:05:08.219     -12.36      0.20    -59.44     60.71  30.74792  -6.35051   0.09748
1997-06-26T17:05:12.219     -12.41      0.42    -59.32     60.60  30.74941  -6.33768   0.09750
1997-06-26T17:05:16.219     -13.11      0.64    -59.46     60.90  30.75090  -6.32485   0.09752
1997-06-26T17:05:20.219     -13.55      0.61    -59.37     60.90  30.75239  -6.31203   0.09754
1997-06-26T17:05:24.219     -13.07      0.47    -59.12     60.55  30.75387  -6.29920   0.09756
1997-06-26T17:05:28.219     -12.81      0.34    -58.91     60.29  30.75536  -6.28637   0.09758
1997-06-26T17:05:32.219     -13.19      0.62    -58.94     60.40  30.75685  -6.27355   0.09760
1997-06-26T17:05:36.219     -13.88      0.89    -59.06     60.68  30.75834  -6.26072   0.09762
1997-06-26T17:05:40.219     -14.02      0.98    -59.23     60.87  30.75982  -6.24789   0.09764
1997-06-26T17:05:44.219     -13.49      1.02    -59.42     60.94  30.76131  -6.23506   0.09767
1997-06-26T17:05:48.219     -13.41      1.04    -59.68     61.18  30.76280  -6.22224   0.09769
1997-06-26T17:05:52.219     -13.87      1.29    -59.79     61.39  30.76428  -6.20941   0.09771
1997-06-26T17:05:56.219     -14.34      1.61    -59.69     61.41  30.76577  -6.19658   0.09773
1997-06-26T17:06:00.219     -14.08      1.75    -59.35     61.02  30.76726  -6.18376   0.09775
1997-06-26T17:06:04.219     -13.35      1.84    -59.24     60.76  30.76874  -6.17093   0.09777
1997-06-26T17:06:08.219     -13.22      2.05    -59.00     60.50  30.77023  -6.15810   0.09779
1997-06-26T17:06:12.219     -13.70      2.31    -59.16     60.77  30.77172  -6.14528   0.09781
1997-06-26T17:06:16.219     -14.23      2.50    -59.39     61.12  30.77320  -6.13245   0.09783
1997-06-26T17:06:20.219     -14.01      2.59    -59.68     61.36  30.77469  -6.11962   0.09785
1997-06-26T17:06:24.219     -13.57      2.58    -60.01     61.58  30.77617  -6.10680   0.09787
1997-06-26T17:06:28.219     -13.69      2.76    -60.01     61.61  30.77766  -6.09397   0.09790
1997-06-26T17:06:32.219     -14.19      3.12    -59.91     61.65  30.77915  -6.08114   0.09792
1997-06-26T17:06:36.219     -14.37      3.31    -59.93     61.72  30.78063  -6.06832   0.09794
1997-06-26T17:06:40.219     -13.83      3.33    -59.86     61.53  30.78212  -6.05549   0.09796
1997-06-26T17:06:44.219     -13.37      3.36    -59.73     61.30  30.78361  -6.04266   0.09798
1997-06-26T17:06:48.219     -13.57      3.72    -59.76     61.40  30.78509  -6.02984   0.09800
1997-06-26T17:06:52.219     -14.04      4.05    -59.80     61.56  30.78658  -6.01701   0.09802
1997-06-26T17:06:56.219     -13.97      4.07    -59.98     61.72  30.78806  -6.00418   0.09804
1997-06-26T17:07:00.219     -13.37      3.97    -59.93     61.53  30.78955  -5.99136   0.09806
1997-06-26T17:07:04.219     -13.17      3.97    -59.80     61.36  30.79103  -5.97853   0.09808
1997-06-26T17:07:08.219     -13.47      4.29    -59.66     61.32  30.79252  -5.96570   0.09810
1997-06-26T17:07:12.219     -13.95      4.52    -59.71     61.49  30.79401  -5.95288   0.09812
1997-06-26T17:07:16.219     -13.89      4.48    -59.86     61.62  30.79549  -5.94005   0.09815
1997-06-26T17:07:20.219     -13.28      4.32    -59.86     61.47  30.79698  -5.92722   0.09817
1997-06-26T17:07:24.219     -13.19      4.33    -59.65     61.24  30.79846  -5.91440   0.09819
1997-06-26T17:07:28.219     -13.71      4.63    -59.57     61.30  30.79995  -5.90157   0.09821
1997-06-26T17:07:32.219     -14.16      4.87    -59.55     61.40  30.80143  -5.88874   0.09823
1997-06-26T17:07:36.219     -13.78      4.95    -59.60     61.37  30.80292  -5.87592   0.09825
1997-06-26T17:07:40.219     -13.26      4.74    -59.82     61.46  30.80440  -5.86309   0.09827
1997-06-26T17:07:44.219     -13.35      4.86    -59.80     61.47  30.80589  -5.85026   0.09829
1997-06-26T17:07:48.219     -13.91      5.07    -59.78     61.59  30.80737  -5.83744   0.09831
1997-06-26T17:07:52.219     -14.18      5.31    -59.87     61.75  30.80886  -5.82461   0.09833
1997-06-26T17:07:56.219     -13.76      5.38    -60.00     61.79  30.81034  -5.81179   0.09835
1997-06-26T17:08:00.219     -13.41      5.34    -60.14     61.85  30.81183  -5.79896   0.09837
1997-06-26T17:08:04.219     -13.70      5.59    -60.24     62.03  30.81331  -5.78613   0.09840
1997-06-26T17:08:08.219     -14.34      5.98    -60.17     62.15  30.81480  -5.77331   0.09842
1997-06-26T17:08:12.219     -14.33      6.14    -60.12     62.11  30.81628  -5.76048   0.09844
1997-06-26T17:08:16.219     -13.74      6.04    -60.36     62.20  30.81777  -5.74765   0.09846
1997-06-26T17:08:20.219     -13.54      5.89    -60.46     62.24  30.81925  -5.73483   0.09848
1997-06-26T17:08:24.219     -13.92      6.12    -60.50     62.38  30.82074  -5.72200   0.09850
1997-06-26T17:08:28.219     -14.41      6.45    -60.27     62.30  30.82222  -5.70918   0.09852
1997-06-26T17:08:32.219     -14.17      6.36    -60.11     62.08  30.82371  -5.69635   0.09854
1997-06-26T17:08:36.219     -13.53      6.50    -60.17     62.02  30.82519  -5.68352   0.09856
1997-06-26T17:08:40.219     -13.47      6.48    -60.05     61.88  30.82668  -5.67070   0.09858
1997-06-26T17:08:44.219     -13.90      6.68    -60.25     62.19  30.82816  -5.65787   0.09860
1997-06-26T17:08:48.219     -14.38      6.87    -60.45     62.52  30.82964  -5.64505   0.09862
1997-06-26T17:08:52.219     -14.04      6.67    -60.57     62.53  30.83113  -5.63222   0.09865
1997-06-26T17:08:56.219     -13.36      6.76    -60.66     62.48  30.83261  -5.61939   0.09867
1997-06-26T17:09:00.219     -13.26      6.14    -61.04     62.77  30.83410  -5.60657   0.09869
1997-06-26T17:09:04.219     -14.28      7.08    -61.57     63.60  30.83558  -5.59374   0.09871
1997-06-26T17:09:08.219     -15.24      7.58    -62.01     64.30  30.83706  -5.58092   0.09873
1997-06-26T17:09:12.219     -14.46      7.84    -62.36     64.49  30.83855  -5.56809   0.09875
1997-06-26T17:09:16.219     -14.10      8.04    -62.32     64.40  30.84003  -5.55526   0.09877
1997-06-26T17:09:20.219     -14.19      7.91    -62.11     64.20  30.84151  -5.54244   0.09879
1997-06-26T17:09:24.219     -14.23      8.34    -62.12     64.27  30.84300  -5.52961   0.09881
1997-06-26T17:09:28.219     -13.62      8.45    -61.95     63.99  30.84448  -5.51679   0.09883
1997-06-26T17:09:32.219     -13.11      8.58    -61.97     63.93  30.84597  -5.50396   0.09885
1997-06-26T17:09:36.219     -12.03      9.66    -60.54     62.48  30.84745  -5.49114   0.09887
1997-06-26T17:09:40.219     -13.45      9.33    -60.54     62.72  30.84893  -5.47831   0.09890
1997-06-26T17:09:44.219     -13.64      9.84    -60.76     63.04  30.85042  -5.46548   0.09892
1997-06-26T17:09:48.219     -12.80     10.00    -60.67     62.80  30.85190  -5.45266   0.09894
1997-06-26T17:09:52.219     -11.49      9.93    -61.23     63.09  30.85338  -5.43983   0.09896
1997-06-26T17:09:56.219     -10.52     10.11    -62.29     63.98  30.85487  -5.42701   0.09898
1997-06-26T17:10:00.219     -11.13     11.01    -63.79     65.68  30.85635  -5.41418   0.09900
1997-06-26T17:10:04.219     -11.49     11.11    -64.61     66.56  30.85783  -5.40136   0.09902
1997-06-26T17:10:08.219     -11.75     10.65    -65.53     67.43  30.85932  -5.38853   0.09904
1997-06-26T17:10:12.219     -12.24     10.03    -66.70     68.56  30.86080  -5.37570   0.09906
1997-06-26T17:10:16.219     -12.96     10.57    -68.33     70.34  30.86228  -5.36288   0.09908
1997-06-26T17:10:20.219     -14.55     10.89    -69.10     71.45  30.86376  -5.35005   0.09910
1997-06-26T17:10:24.219     -12.50      9.99    -70.05     71.85  30.86525  -5.33723   0.09912
1997-06-26T17:10:28.219     -11.58      9.53    -70.42     72.00  30.86673  -5.32440   0.09915
1997-06-26T17:10:32.219     -11.77      9.71    -69.86     71.51  30.86821  -5.31158   0.09917
1997-06-26T17:10:36.219     -12.40     10.60    -69.67     71.55  30.86970  -5.29875   0.09919
1997-06-26T17:10:40.219     -12.05     11.04    -69.15     71.05  30.87118  -5.28593   0.09921
1997-06-26T17:10:44.219     -11.57     11.94    -69.27     71.24  30.87266  -5.27310   0.09923
1997-06-26T17:10:48.219     -10.21     12.49    -69.31     71.16  30.87414  -5.26027   0.09925
1997-06-26T17:10:52.219     -11.83      9.07    -69.78     71.35  30.87563  -5.24745   0.09927
1997-06-26T17:10:56.219     -13.10      7.80    -70.51     72.14  30.87711  -5.23462   0.09929
1997-06-26T17:11:00.219     -13.35      7.52    -71.40     73.02  30.87859  -5.22180   0.09931
1997-06-26T17:11:04.221     -12.29      9.04    -72.35     73.94  30.88007  -5.20897   0.09933
1997-06-26T17:11:08.219     -11.61      8.52    -72.72     74.13  30.88156  -5.19615   0.09935
1997-06-26T17:11:12.219     -12.76      7.55    -72.45     73.95  30.88304  -5.18332   0.09937
1997-06-26T17:11:16.219     -13.46     10.02    -71.31     73.26  30.88452  -5.17050   0.09940
1997-06-26T17:11:20.219     -15.77      9.22    -70.02     72.37  30.88600  -5.15767   0.09942
1997-06-26T17:11:24.219     -16.96      8.36    -69.66     72.18  30.88748  -5.14485   0.09944
1997-06-26T17:11:28.219     -15.53      8.85    -69.67     71.92  30.88897  -5.13202   0.09946
1997-06-26T17:11:32.219     -15.78      8.71    -68.80     71.12  30.89045  -5.11920   0.09948
1997-06-26T17:11:36.219     -16.21      8.33    -67.74     70.15  30.89193  -5.10637   0.09950
1997-06-26T17:11:40.219     -15.59      8.81    -65.66     68.06  30.89341  -5.09355   0.09952
1997-06-26T17:11:44.219     -14.95      8.36    -62.20     64.52  30.89489  -5.08072   0.09954
1997-06-26T17:11:48.219     -15.29      8.37    -59.20     61.72  30.89637  -5.06790   0.09956
1997-06-26T17:11:52.219     -13.78      8.84    -56.67     58.98  30.89786  -5.05507   0.09958
1997-06-26T17:11:56.219     -15.89      9.18    -53.90     56.93  30.89934  -5.04225   0.09960
1997-06-26T17:12:00.219     -17.03     10.09    -52.05     55.69  30.90082  -5.02942   0.09962
1997-06-26T17:12:04.219     -16.36     11.47    -52.27     55.96  30.90230  -5.01660   0.09965
1997-06-26T17:12:08.219     -15.82     11.97    -54.39     57.89  30.90378  -5.00377   0.09967
1997-06-26T17:12:12.219     -14.77     14.92    -56.48     60.25  30.90526  -4.99095   0.09969
1997-06-26T17:12:16.219     -13.74     14.34    -58.27     61.56  30.90674  -4.97812   0.09971
1997-06-26T17:12:20.219     -13.86     13.84    -59.37     62.52  30.90823  -4.96530   0.09973
1997-06-26T17:12:24.219     -13.83     13.69    -60.05     63.12  30.90971  -4.95247   0.09975
1997-06-26T17:12:28.219     -14.17     13.07    -60.65     63.64  30.91119  -4.93965   0.09977
1997-06-26T17:12:32.219     -14.60     12.46    -61.40     64.33  30.91267  -4.92682   0.09979
1997-06-26T17:12:36.219     -14.97     11.86    -61.94     64.82  30.91415  -4.91400   0.09981
1997-06-26T17:12:40.219     -15.01     11.44    -62.30     65.10  30.91563  -4.90117   0.09983
1997-06-26T17:12:44.219     -14.58     10.27    -62.56     65.05  30.91711  -4.88835   0.09985
1997-06-26T17:12:48.219     -14.52     10.33    -62.65     65.14  30.91859  -4.87552   0.09987
1997-06-26T17:12:52.219     -15.05     11.69    -62.80     65.63  30.92007  -4.86270   0.09990
1997-06-26T17:12:56.219     -15.61     11.96    -62.52     65.54  30.92155  -4.84987   0.09992
1997-06-26T17:13:00.219     -15.14     10.42    -62.18     64.84  30.92303  -4.83705   0.09994
1997-06-26T17:13:04.219     -14.76     10.11    -61.77     64.31  30.92451  -4.82422   0.09996
1997-06-26T17:13:08.219     -15.29     11.90    -61.00     64.00  30.92599  -4.81140   0.09998
1997-06-26T17:13:12.219     -15.53     12.61    -60.93     64.13  30.92747  -4.79857   0.10000
1997-06-26T17:13:16.219     -14.88     12.42    -61.13     64.12  30.92896  -4.78575   0.10002
1997-06-26T17:13:20.219     -13.73     12.40    -61.23     63.96  30.93044  -4.77292   0.10004
1997-06-26T17:13:24.219     -13.37     12.56    -61.33     64.02  30.93192  -4.76010   0.10006
1997-06-26T17:13:28.219     -13.78     13.38    -61.38     64.31  30.93340  -4.74728   0.10008
1997-06-26T17:13:32.219     -14.59     14.99    -61.45     64.91  30.93488  -4.73445   0.10010
1997-06-26T17:13:36.219     -15.15     15.25    -61.89     65.52  30.93636  -4.72163   0.10012
1997-06-26T17:13:40.219     -14.96     15.28    -62.04     65.62  30.93784  -4.70880   0.10015
1997-06-26T17:13:44.219     -15.00     15.45    -62.02     65.65  30.93932  -4.69598   0.10017
1997-06-26T17:13:48.219     -15.75     15.67    -62.04     65.90  30.94080  -4.68315   0.10019
1997-06-26T17:13:52.219     -15.38     15.06    -62.25     65.87  30.94228  -4.67033   0.10021
1997-06-26T17:13:56.219     -14.90     16.07    -61.88     65.65  30.94376  -4.65750   0.10023
1997-06-26T17:14:00.219     -13.69     16.04    -62.00     65.49  30.94524  -4.64468   0.10025
1997-06-26T17:14:04.219     -13.25     15.70    -62.11     65.42  30.94672  -4.63186   0.10027
1997-06-26T17:14:08.219     -12.88     15.90    -62.30     65.58  30.94819  -4.61903   0.10029
1997-06-26T17:14:12.219     -13.26     15.67    -62.33     65.62  30.94967  -4.60621   0.10031
1997-06-26T17:14:16.219     -13.14     15.06    -62.29     65.42  30.95115  -4.59338   0.10033
1997-06-26T17:14:20.219     -12.73     14.54    -62.47     65.39  30.95263  -4.58056   0.10035
1997-06-26T17:14:24.219     -12.88     14.32    -62.78     65.67  30.95411  -4.56773   0.10037
1997-06-26T17:14:28.219     -14.27     15.08    -63.61     66.91  30.95559  -4.55491   0.10039
1997-06-26T17:14:32.219     -15.28     15.84    -64.61     68.25  30.95707  -4.54208   0.10042
1997-06-26T17:14:36.219     -14.81     15.88    -64.92     68.45  30.95855  -4.52926   0.10044
1997-06-26T17:14:40.219     -14.84     14.85    -64.74     68.06  30.96003  -4.51644   0.10046
1997-06-26T17:14:44.219     -16.39     16.26    -63.57     67.63  30.96151  -4.50361   0.10048
1997-06-26T17:14:48.219     -16.25     17.87    -62.66     67.16  30.96299  -4.49079   0.10050
1997-06-26T17:14:52.219     -14.74     17.92    -62.50     66.67  30.96447  -4.47796   0.10052
1997-06-26T17:14:56.219     -13.60     18.11    -62.63     66.60  30.96595  -4.46514   0.10054
1997-06-26T17:15:00.219     -13.25     19.05    -63.46     67.57  30.96742  -4.45231   0.10056
1997-06-26T17:15:04.219     -12.17     18.31    -64.99     68.61  30.96890  -4.43949   0.10058
1997-06-26T17:15:08.219     -13.74     19.26    -65.34     69.49  30.97038  -4.42667   0.10060
1997-06-26T17:15:12.219      -6.01     13.96    -67.43     69.13  30.97186  -4.41384   0.10062
1997-06-26T17:15:16.219     -13.24     24.43    -63.04     68.89  30.97334  -4.40102   0.10064
1997-06-26T17:15:20.219     -10.17     24.30    -63.03     68.32  30.97482  -4.38819   0.10067
1997-06-26T17:15:24.219     -12.19     23.91    -61.82     67.40  30.97630  -4.37537   0.10069
1997-06-26T17:15:28.219     -15.16     23.01    -60.37     66.36  30.97778  -4.36255   0.10071
1997-06-26T17:15:32.219     -17.33     25.73    -57.45     65.29  30.97925  -4.34972   0.10073
1997-06-26T17:15:36.219     -11.14     23.15    -56.20     61.80  30.98073  -4.33690   0.10075
1997-06-26T17:15:40.219      -8.45     18.78    -39.76     44.77  30.98221  -4.32407   0.10077
1997-06-26T17:15:44.219      -8.16     14.96    -29.70     34.25  30.98369  -4.31125   0.10079
1997-06-26T17:15:48.219      -5.60     11.12    -26.70     29.45  30.98517  -4.29843   0.10081
1997-06-26T17:15:52.219      -1.04      7.41    -26.89     27.91  30.98664  -4.28560   0.10083
1997-06-26T17:15:56.219      -1.80      9.74    -27.12     28.87  30.98812  -4.27278   0.10085
1997-06-26T17:16:00.219      -4.42     10.08    -30.19     32.14  30.98960  -4.25995   0.10087
1997-06-26T17:16:04.219      -6.40      9.11    -30.87     32.82  30.99108  -4.24713   0.10089
1997-06-26T17:16:08.219      -6.27      9.21    -31.80     33.69  30.99256  -4.23431   0.10092
1997-06-26T17:16:12.219      -6.57     10.42    -35.91     37.96  30.99404  -4.22148   0.10094
1997-06-26T17:16:16.219      -8.43     12.92    -42.26     44.99  30.99551  -4.20866   0.10096
1997-06-26T17:16:20.219     -10.62     14.23    -46.00     49.31  30.99699  -4.19584   0.10098
1997-06-26T17:16:24.219     -11.54     14.16    -46.80     50.24  30.99847  -4.18301   0.10100
1997-06-26T17:16:28.219      -9.80     12.57    -41.24     44.22  30.99994  -4.17019   0.10102
1997-06-26T17:16:32.219      -8.94     11.12    -34.99     37.78  31.00142  -4.15736   0.10104
1997-06-26T17:16:36.219      -9.77      9.67    -31.08     33.98  31.00290  -4.14454   0.10106
1997-06-26T17:16:40.219     -12.59      7.59    -30.25     33.63  31.00438  -4.13172   0.10108
1997-06-26T17:16:44.219     -14.17      8.18    -29.07     33.36  31.00586  -4.11889   0.10110
1997-06-26T17:16:48.219     -12.76      8.99    -28.80     32.76  31.00733  -4.10607   0.10112
1997-06-26T17:16:52.219     -12.58      9.73    -30.04     33.99  31.00881  -4.09325   0.10114
1997-06-26T17:16:56.219     -13.20      9.20    -32.20     36.00  31.01029  -4.08042   0.10117
1997-06-26T17:17:00.219     -11.98      7.80    -36.99     39.65  31.01176  -4.06760   0.10119
1997-06-26T17:17:04.219      -9.47      9.25    -44.79     46.71  31.01324  -4.05477   0.10121
1997-06-26T17:17:08.219      -7.08      9.02    -48.67     50.00  31.01472  -4.04195   0.10123
1997-06-26T17:17:12.219      -5.10      7.78    -50.10     50.95  31.01620  -4.02913   0.10125
1997-06-26T17:17:16.219      -5.24      6.16    -47.67     48.36  31.01767  -4.01630   0.10127
1997-06-26T17:17:20.219      -6.03      4.68    -38.13     38.89  31.01915  -4.00348   0.10129
1997-06-26T17:17:24.219      -4.92      2.56    -30.98     31.47  31.02063  -3.99066   0.10131
1997-06-26T17:17:28.219      -1.26      0.69    -28.09     28.13  31.02210  -3.97783   0.10133
1997-06-26T17:17:32.219       0.59     -0.77    -31.11     31.12  31.02358  -3.96501   0.10135
1997-06-26T17:17:36.219      -1.28     -1.43    -35.08     35.14  31.02506  -3.95219   0.10137
1997-06-26T17:17:40.219      -3.23     -1.65    -38.79     38.96  31.02653  -3.93936   0.10139
1997-06-26T17:17:44.219      -4.48      1.29    -41.66     41.92  31.02801  -3.92654   0.10141
1997-06-26T17:17:48.219      -2.73      3.30    -40.95     41.18  31.02949  -3.91372   0.10144
1997-06-26T17:17:52.219      -0.89      7.22    -42.90     43.52  31.03096  -3.90089   0.10146
1997-06-26T17:17:56.219      -2.79      5.51    -44.16     44.59  31.03244  -3.88807   0.10148
1997-06-26T17:18:00.219      -4.30      2.99    -45.67     45.97  31.03391  -3.87525   0.10150
1997-06-26T17:18:04.219      -1.80      2.29    -44.64     44.74  31.03539  -3.86242   0.10152
1997-06-26T17:18:08.219      -1.80      2.75    -44.43     44.55  31.03687  -3.84960   0.10154
1997-06-26T17:18:12.219      -5.12      0.74    -42.53     42.85  31.03834  -3.83678   0.10156
1997-06-26T17:18:16.219     -11.06     -5.42    -43.36     45.08  31.03982  -3.82395   0.10158
1997-06-26T17:18:20.219     -10.24     -5.97    -45.63     47.15  31.04129  -3.81113   0.10160
1997-06-26T17:18:24.219      -6.50     -5.17    -44.44     45.21  31.04277  -3.79831   0.10162
1997-06-26T17:18:28.219      -6.77     -2.98    -43.09     43.72  31.04425  -3.78548   0.10164
1997-06-26T17:18:32.219      -8.56     -4.04    -44.31     45.31  31.04572  -3.77266   0.10166
1997-06-26T17:18:36.219     -13.44     -2.83    -46.19     48.19  31.04720  -3.75984   0.10169
1997-06-26T17:18:40.219     -19.43      0.91    -42.85     47.06  31.04867  -3.74701   0.10171
1997-06-26T17:18:44.219     -26.68     -0.03    -42.47     50.15  31.05015  -3.73419   0.10173
1997-06-26T17:18:48.219     -33.20      4.58    -44.04     55.34  31.05162  -3.72137   0.10175
1997-06-26T17:18:52.219     -41.31     11.65    -37.39     56.92  31.05310  -3.70854   0.10177
1997-06-26T17:18:56.219     -45.84      8.28    -33.23     57.22  31.05457  -3.69572   0.10179
1997-06-26T17:19:00.219     -39.86      3.13    -37.36     54.72  31.05605  -3.68290   0.10181
1997-06-26T17:19:04.219     -26.51      3.50    -40.51     48.54  31.05753  -3.67007   0.10183
1997-06-26T17:19:08.219      -8.67     14.94    -40.09     43.65  31.05900  -3.65725   0.10185
1997-06-26T17:19:12.219       3.55     19.86    -38.21     43.21  31.06048  -3.64443   0.10187
1997-06-26T17:19:16.219       3.21     10.23    -46.15     47.38  31.06195  -3.63160   0.10189
1997-06-26T17:19:20.219       1.74      5.55    -46.43     46.79  31.06343  -3.61878   0.10191
1997-06-26T17:19:24.219      -0.37     -3.18    -47.57     47.68  31.06490  -3.60596   0.10193
1997-06-26T17:19:28.219       4.59    -10.31    -51.31     52.53  31.06638  -3.59314   0.10196
1997-06-26T17:19:32.219      13.41     -4.82    -54.96     56.77  31.06785  -3.58031   0.10198
1997-06-26T17:19:36.219       0.10      5.96    -51.02     51.37  31.06933  -3.56749   0.10200
1997-06-26T17:19:40.219      -9.29     12.28    -51.03     53.31  31.07080  -3.55467   0.10202
1997-06-26T17:19:44.219     -13.87     16.80    -47.61     52.36  31.07228  -3.54184   0.10204
1997-06-26T17:19:48.219     -11.69     14.16    -46.83     50.30  31.07375  -3.52902   0.10206
1997-06-26T17:19:52.219      -7.50     15.36    -45.01     48.14  31.07523  -3.51620   0.10208
1997-06-26T17:19:56.219      -0.90     10.82    -45.68     46.95  31.07670  -3.50337   0.10210
1997-06-26T17:20:00.219       4.89      6.45    -46.53     47.23  31.07817  -3.49055   0.10212
1997-06-26T17:20:04.219       3.03      4.11    -46.93     47.21  31.07965  -3.47773   0.10214
1997-06-26T17:20:08.219       1.03      2.04    -46.61     46.66  31.08112  -3.46491   0.10216
1997-06-26T17:20:12.219      -3.48      3.21    -45.89     46.13  31.08260  -3.45208   0.10218
1997-06-26T17:20:16.219     -11.43      7.01    -43.94     45.94  31.08407  -3.43926   0.10221
1997-06-26T17:20:20.219     -13.90      9.83    -43.95     47.14  31.08555  -3.42644   0.10223
1997-06-26T17:20:24.219     -10.62     14.53    -48.18     51.43  31.08702  -3.41361   0.10225
1997-06-26T17:20:28.219     -13.45     15.54    -50.56     54.57  31.08850  -3.40079   0.10227
1997-06-26T17:20:32.219     -14.87     14.08    -51.11     55.06  31.08997  -3.38797   0.10229
1997-06-26T17:20:36.219     -10.78     12.82    -50.98     53.66  31.09144  -3.37515   0.10231
1997-06-26T17:20:40.219     -12.40     10.18    -46.08     48.79  31.09292  -3.36232   0.10233
1997-06-26T17:20:44.219      -9.21     11.20    -46.16     48.38  31.09439  -3.34950   0.10235
1997-06-26T17:20:48.219      -2.20     12.01    -47.10     48.66  31.09587  -3.33668   0.10237
1997-06-26T17:20:52.219      -0.97     11.04    -45.58     46.91  31.09734  -3.32386   0.10239
1997-06-26T17:20:56.219      -2.29      8.86    -46.00     46.90  31.09881  -3.31103   0.10241
1997-06-26T17:21:00.219       3.69      8.21    -45.17     46.06  31.10029  -3.29821   0.10243
1997-06-26T17:21:04.219       4.22      6.77    -41.35     42.11  31.10176  -3.28539   0.10246
1997-06-26T17:21:08.219       3.89      3.91    -36.36     36.78  31.10323  -3.27257   0.10248
1997-06-26T17:21:12.219       0.95      5.36    -32.29     32.74  31.10471  -3.25974   0.10250
1997-06-26T17:21:16.219       0.52      6.38    -37.97     38.50  31.10618  -3.24692   0.10252
1997-06-26T17:21:20.219      -1.54      8.36    -43.78     44.60  31.10765  -3.23410   0.10254
1997-06-26T17:21:24.219       1.23     12.89    -43.51     45.40  31.10913  -3.22127   0.10256
1997-06-26T17:21:28.219      -5.63     13.21    -45.10     47.33  31.11060  -3.20845   0.10258
1997-06-26T17:21:32.219     -12.47     17.85    -44.53     49.57  31.11207  -3.19563   0.10260
1997-06-26T17:21:36.219     -14.60     16.30    -44.13     49.26  31.11355  -3.18281   0.10262
1997-06-26T17:21:40.219      -9.60     13.16    -47.14     49.87  31.11502  -3.16998   0.10264
1997-06-26T17:21:44.219      -4.11     12.04    -49.45     51.06  31.11649  -3.15716   0.10266
1997-06-26T17:21:48.219      -5.59     14.28    -48.13     50.51  31.11797  -3.14434   0.10268
1997-06-26T17:21:52.219      -1.11     10.73    -50.61     51.75  31.11944  -3.13152   0.10270
1997-06-26T17:21:56.219       3.87     11.11    -50.99     52.33  31.12091  -3.11870   0.10273
1997-06-26T17:22:00.219       6.98     13.40    -49.28     51.54  31.12238  -3.10587   0.10275
1997-06-26T17:22:04.219       4.01     13.88    -48.88     50.97  31.12386  -3.09305   0.10277
1997-06-26T17:22:08.219       0.76     14.62    -50.38     52.46  31.12533  -3.08023   0.10279
1997-06-26T17:22:12.219       4.28     10.95    -53.55     54.82  31.12680  -3.06741   0.10281
1997-06-26T17:22:16.219       2.23     10.69    -53.66     54.76  31.12827  -3.05458   0.10283
1997-06-26T17:22:20.219      -1.63     10.14    -48.07     49.15  31.12975  -3.04176   0.10285
1997-06-26T17:22:24.219      -0.62      7.43    -38.74     39.45  31.13122  -3.02894   0.10287
1997-06-26T17:22:28.219      -3.58      8.70    -35.34     36.57  31.13269  -3.01612   0.10289
1997-06-26T17:22:32.219       2.84     10.19    -37.20     38.67  31.13416  -3.00329   0.10291
1997-06-26T17:22:36.219      -4.57     13.12    -37.56     40.05  31.13564  -2.99047   0.10293
1997-06-26T17:22:40.219      -2.99      6.17    -27.95     28.78  31.13711  -2.97765   0.10295
1997-06-26T17:22:44.219       2.42     -0.04    -17.23     17.40  31.13858  -2.96483   0.10297
1997-06-26T17:22:48.219      -3.48     -0.48    -19.70     20.01  31.14005  -2.95200   0.10300
1997-06-26T17:22:52.219      -9.88      1.04     -9.85     13.99  31.14152  -2.93918   0.10302
1997-06-26T17:22:56.219      -4.05     -5.33    -17.19     18.45  31.14300  -2.92636   0.10304
1997-06-26T17:23:00.219      12.53      1.33    -23.25     26.45  31.14447  -2.91354   0.10306
1997-06-26T17:23:04.219      13.76      5.20    -21.74     26.25  31.14594  -2.90072   0.10308
1997-06-26T17:23:08.219      14.88      5.77    -21.32     26.63  31.14741  -2.88789   0.10310
1997-06-26T17:23:12.219      12.78      6.83    -26.60     30.29  31.14888  -2.87507   0.10312
1997-06-26T17:23:16.219      15.23      4.92    -27.43     31.76  31.15035  -2.86225   0.10314
1997-06-26T17:23:20.219      18.26      7.90    -28.21     34.52  31.15183  -2.84943   0.10316
1997-06-26T17:23:24.219      19.54      5.61    -33.26     38.98  31.15330  -2.83661   0.10318
1997-06-26T17:23:28.219      18.88      2.60    -33.39     38.45  31.15477  -2.82378   0.10320
1997-06-26T17:23:32.219      19.22      3.86    -36.12     41.10  31.15624  -2.81096   0.10322
1997-06-26T17:23:36.219      16.82      2.93    -43.75     46.96  31.15771  -2.79814   0.10325
1997-06-26T17:23:40.219      11.37     -2.06    -40.40     42.02  31.15918  -2.78532   0.10327
1997-06-26T17:23:44.219       7.05     -2.13    -34.09     34.88  31.16065  -2.77249   0.10329
1997-06-26T17:23:48.219       5.66      1.28    -22.79     23.51  31.16213  -2.75967   0.10331
1997-06-26T17:23:52.219      -0.21      4.53    -17.92     18.49  31.16360  -2.74685   0.10333
1997-06-26T17:23:56.219      -2.73      6.60    -17.82     19.20  31.16507  -2.73403   0.10335
1997-06-26T17:24:00.219       4.13     10.37    -13.08     17.20  31.16654  -2.72121   0.10337
1997-06-26T17:24:04.219      -0.76     15.54    -25.99     30.29  31.16801  -2.70838   0.10339
1997-06-26T17:24:08.219       0.70     18.02    -41.64     45.38  31.16948  -2.69556   0.10341
1997-06-26T17:24:12.219       1.91     20.29    -52.14     55.98  31.17095  -2.68274   0.10343
1997-06-26T17:24:16.219      -2.42     22.74    -55.00     59.56  31.17242  -2.66992   0.10345
1997-06-26T17:24:20.219      -5.91     19.85    -52.50     56.43  31.17389  -2.65710   0.10347
1997-06-26T17:24:24.219      -8.11     17.87    -55.74     59.09  31.17536  -2.64428   0.10349
1997-06-26T17:24:28.219      -8.26     15.92    -53.62     56.53  31.17683  -2.63145   0.10352
1997-06-26T17:24:32.219     -11.18     15.55    -45.56     49.43  31.17830  -2.61863   0.10354
1997-06-26T17:24:36.219     -14.77     13.46    -47.34     51.38  31.17978  -2.60581   0.10356
1997-06-26T17:24:40.219     -16.57     18.57    -52.86     58.42  31.18125  -2.59299   0.10358
1997-06-26T17:24:44.219     -12.52     17.79    -51.74     56.13  31.18272  -2.58017   0.10360
1997-06-26T17:24:48.219     -15.99     13.52    -46.74     51.22  31.18419  -2.56734   0.10362
1997-06-26T17:24:52.219     -13.39     13.46    -43.85     47.78  31.18566  -2.55452   0.10364
1997-06-26T17:24:56.219     -12.02     15.19    -45.63     49.57  31.18713  -2.54170   0.10366
1997-06-26T17:25:00.218     -11.12     16.38    -47.98     51.91  31.18860  -2.52888   0.10368
1997-06-26T17:25:04.218      -9.85     17.64    -53.28     56.99  31.19007  -2.51606   0.10370
1997-06-26T17:25:08.218     -10.77     18.71    -58.55     62.40  31.19154  -2.50324   0.10372
1997-06-26T17:25:12.218     -14.16     17.75    -58.65     62.89  31.19301  -2.49042   0.10374
1997-06-26T17:25:16.218     -17.37     14.37    -57.84     62.08  31.19448  -2.47760   0.10377
1997-06-26T17:25:20.218     -20.01     12.92    -60.00     64.55  31.19595  -2.46477   0.10379
1997-06-26T17:25:24.218     -18.78     15.38    -59.07     63.86  31.19742  -2.45195   0.10381
1997-06-26T17:25:28.218     -17.62     13.22    -56.77     60.89  31.19889  -2.43913   0.10383
1997-06-26T17:25:32.218     -13.12     13.09    -54.57     57.63  31.20036  -2.42631   0.10385
1997-06-26T17:25:36.218      -9.31     15.84    -56.72     59.62  31.20183  -2.41349   0.10387
1997-06-26T17:25:40.218     -15.36     16.41    -57.13     61.39  31.20329  -2.40067   0.10389
1997-06-26T17:25:44.218     -16.10     15.48    -56.81     61.04  31.20477  -2.38784   0.10391
1997-06-26T17:25:48.218     -12.93     15.19    -55.92     59.37  31.20623  -2.37502   0.10393
1997-06-26T17:25:52.218     -14.57     23.07    -60.50     66.37  31.20770  -2.36220   0.10395
1997-06-26T17:25:56.218     -16.32     25.61    -61.02     68.16  31.20917  -2.34938   0.10397
1997-06-26T17:26:00.218     -12.82     19.59    -53.14     58.07  31.21064  -2.33656   0.10399
1997-06-26T17:26:04.218     -13.54     16.78    -47.51     52.18  31.21211  -2.32374   0.10401
1997-06-26T17:26:08.218     -13.47     17.86    -46.76     51.84  31.21358  -2.31091   0.10404
1997-06-26T17:26:12.218     -14.53     20.02    -51.33     56.98  31.21505  -2.29809   0.10406
1997-06-26T17:26:16.218     -18.12     23.04    -56.90     64.01  31.21652  -2.28527   0.10408
1997-06-26T17:26:20.218     -16.67     24.02    -61.93     68.48  31.21799  -2.27245   0.10410
1997-06-26T17:26:24.218     -19.12     24.48    -64.37     71.47  31.21946  -2.25963   0.10412
1997-06-26T17:26:28.218     -21.25     27.78    -64.85     73.68  31.22092  -2.24681   0.10414
1997-06-26T17:26:32.218     -27.31     29.75    -63.47     75.23  31.22239  -2.23399   0.10416
1997-06-26T17:26:36.218     -27.16     29.14    -63.75     75.18  31.22386  -2.22116   0.10418
1997-06-26T17:26:40.218     -26.44     26.15    -61.89     72.20  31.22533  -2.20834   0.10420
1997-06-26T17:26:44.218     -24.98     21.99    -56.21     65.32  31.22680  -2.19552   0.10422
1997-06-26T17:26:48.218     -23.43     17.37    -51.38     59.08  31.22827  -2.18270   0.10424
1997-06-26T17:26:52.218     -24.52     15.43    -51.93     59.47  31.22974  -2.16988   0.10426
1997-06-26T17:26:56.218     -22.09     15.35    -51.66     58.24  31.23120  -2.15706   0.10428
1997-06-26T17:27:00.218     -19.92     12.82    -49.05     54.47  31.23267  -2.14424   0.10431
1997-06-26T17:27:04.218     -20.20     12.17    -48.53     53.96  31.23414  -2.13141   0.10433
1997-06-26T17:27:08.218     -23.05     13.13    -48.28     55.09  31.23561  -2.11859   0.10435
1997-06-26T17:27:12.218     -24.72     13.27    -47.80     55.43  31.23708  -2.10577   0.10437
1997-06-26T17:27:16.218     -26.13     16.07    -45.16     54.59  31.23855  -2.09295   0.10439
1997-06-26T17:27:20.218     -18.15     16.26    -43.82     50.14  31.24002  -2.08013   0.10441
1997-06-26T17:27:24.218     -13.62     17.35    -48.68     53.44  31.24148  -2.06731   0.10443
1997-06-26T17:27:28.218     -12.99     17.72    -53.27     57.62  31.24295  -2.05449   0.10445
1997-06-26T17:27:32.218     -11.79     18.84    -53.17     57.63  31.24442  -2.04166   0.10447
1997-06-26T17:27:36.218     -12.70     20.05    -55.94     60.76  31.24589  -2.02884   0.10449
1997-06-26T17:27:40.218     -12.71     21.72    -59.72     64.81  31.24735  -2.01602   0.10451
1997-06-26T17:27:44.218     -15.50     23.14    -63.62     69.45  31.24882  -2.00320   0.10453
1997-06-26T17:27:48.218     -18.46     24.98    -67.39     74.21  31.25029  -1.99038   0.10455
1997-06-26T17:27:52.218     -22.45     26.66    -67.95     76.37  31.25176  -1.97756   0.10458
1997-06-26T17:27:56.218     -19.29     24.54    -70.20     76.83  31.25322  -1.96474   0.10460
1997-06-26T17:28:00.218     -18.41     24.69    -70.83     77.23  31.25469  -1.95192   0.10462
1997-06-26T17:28:04.218     -18.45     25.63    -71.27     77.95  31.25616  -1.93910   0.10464
1997-06-26T17:28:08.218     -18.55     26.95    -71.83     78.93  31.25763  -1.92627   0.10466
1997-06-26T17:28:12.218     -19.24     27.52    -71.81     79.27  31.25909  -1.91345   0.10468
1997-06-26T17:28:16.218     -18.61     27.19    -71.97     79.15  31.26056  -1.90063   0.10470
1997-06-26T17:28:20.218     -18.19     27.18    -72.23     79.29  31.26203  -1.88781   0.10472
1997-06-26T17:28:24.218     -18.48     27.42    -72.76     79.92  31.26349  -1.87499   0.10474
1997-06-26T17:28:28.218     -19.48     27.87    -72.82     80.37  31.26496  -1.86217   0.10476
1997-06-26T17:28:32.218     -19.01     28.08    -72.84     80.35  31.26643  -1.84935   0.10478
1997-06-26T17:28:36.218     -18.59     27.66    -73.11     80.35  31.26790  -1.83653   0.10480
1997-06-26T17:28:40.218     -18.93     27.38    -73.04     80.27  31.26936  -1.82371   0.10482
1997-06-26T17:28:44.218     -20.09     26.85    -72.55     79.93  31.27083  -1.81088   0.10485
1997-06-26T17:28:48.218     -22.34     26.23    -71.33     79.22  31.27230  -1.79806   0.10487
1997-06-26T17:28:52.218     -21.65     24.57    -71.00     78.18  31.27376  -1.78524   0.10489
1997-06-26T17:28:56.218     -20.35     24.96    -70.42     77.43  31.27523  -1.77242   0.10491
1997-06-26T17:29:00.218     -19.39     26.45    -69.75     77.08  31.27670  -1.75960   0.10493
1997-06-26T17:29:04.218     -19.37     28.06    -69.52     77.43  31.27816  -1.74678   0.10495
1997-06-26T17:29:08.218     -19.32     28.81    -69.76     77.91  31.27963  -1.73396   0.10497
1997-06-26T17:29:12.218     -19.51     29.50    -69.57     78.04  31.28110  -1.72114   0.10499
1997-06-26T17:29:16.218     -19.31     29.57    -70.03     78.43  31.28256  -1.70832   0.10501
1997-06-26T17:29:20.218     -20.72     29.35    -70.32     78.97  31.28403  -1.69550   0.10503
1997-06-26T17:29:24.218     -22.10     29.56    -69.55     78.74  31.28550  -1.68267   0.10505
1997-06-26T17:29:28.218     -22.43     28.76    -67.74     76.93  31.28696  -1.66985   0.10507
1997-06-26T17:29:32.218     -20.44     27.57    -64.60     73.15  31.28843  -1.65703   0.10509
1997-06-26T17:29:36.218     -19.37     26.41    -61.70     69.85  31.28989  -1.64421   0.10512
1997-06-26T17:29:40.218     -19.23     25.70    -58.80     66.99  31.29136  -1.63139   0.10514
1997-06-26T17:29:44.218     -19.83     24.16    -55.05     63.31  31.29283  -1.61857   0.10516
1997-06-26T17:29:48.218     -19.01     21.88    -51.59     59.17  31.29429  -1.60575   0.10518
1997-06-26T17:29:52.218     -19.14     17.81    -47.82     54.50  31.29576  -1.59293   0.10520
1997-06-26T17:29:56.218     -17.78     17.55    -45.64     52.03  31.29722  -1.58011   0.10522
1997-06-26T17:30:00.218     -19.08     19.60    -44.61     52.33  31.29869  -1.56729   0.10524
1997-06-26T17:30:04.218     -19.35     20.83    -45.00     53.23  31.30015  -1.55447   0.10526
1997-06-26T17:30:08.218     -17.97     19.80    -46.44     53.59  31.30162  -1.54165   0.10528
1997-06-26T17:30:12.218     -18.28     18.82    -47.16     53.97  31.30309  -1.52882   0.10530
1997-06-26T17:30:16.218     -19.42     18.71    -47.57     54.68  31.30455  -1.51600   0.10532
1997-06-26T17:30:20.218     -21.25     19.13    -48.09     55.95  31.30602  -1.50318   0.10534
1997-06-26T17:30:24.218     -20.78     20.49    -48.27     56.40  31.30748  -1.49036   0.10536
1997-06-26T17:30:28.218     -18.83     21.79    -50.31     57.97  31.30895  -1.47754   0.10539
1997-06-26T17:30:32.218     -16.50     22.46    -52.16     59.13  31.31041  -1.46472   0.10541
1997-06-26T17:30:36.218     -14.34     22.13    -52.95     59.15  31.31188  -1.45190   0.10543
1997-06-26T17:30:40.218     -12.13     22.12    -52.38     58.14  31.31334  -1.43908   0.10545
1997-06-26T17:30:44.218     -15.28     19.73    -50.19     56.06  31.31481  -1.42626   0.10547
1997-06-26T17:30:48.218     -17.40     19.59    -54.30     60.29  31.31627  -1.41344   0.10549
1997-06-26T17:30:52.218     -18.93     20.33    -57.92     64.24  31.31774  -1.40062   0.10551
1997-06-26T17:30:56.218     -18.97     23.01    -60.84     67.76  31.31920  -1.38780   0.10553
1997-06-26T17:31:00.218     -19.03     23.92    -62.95     69.98  31.32067  -1.37498   0.10555
1997-06-26T17:31:04.218     -18.07     23.67    -63.69     70.31  31.32213  -1.36216   0.10557
1997-06-26T17:31:08.218     -19.55     23.41    -62.08     69.17  31.32360  -1.34933   0.10559
1997-06-26T17:31:12.218     -20.94     22.47    -59.30     66.78  31.32506  -1.33651   0.10561
1997-06-26T17:31:16.218     -20.84     23.34    -58.17     66.05  31.32652  -1.32369   0.10563
1997-06-26T17:31:20.218     -19.81     23.87    -59.79     67.36  31.32799  -1.31087   0.10566
1997-06-26T17:31:24.218     -17.39     22.99    -60.69     67.18  31.32945  -1.29805   0.10568
1997-06-26T17:31:28.218     -13.92     20.48    -58.42     63.45  31.33092  -1.28523   0.10570
1997-06-26T17:31:32.218     -11.21     18.40    -55.33     59.38  31.33238  -1.27241   0.10572
1997-06-26T17:31:36.218     -12.30     17.46    -53.49     57.60  31.33385  -1.25959   0.10574
1997-06-26T17:31:40.218     -13.31     17.84    -53.50     57.95  31.33531  -1.24677   0.10576
1997-06-26T17:31:44.218     -13.86     18.54    -54.11     58.85  31.33678  -1.23395   0.10578
1997-06-26T17:31:48.218     -14.51     17.97    -53.62     58.38  31.33824  -1.22113   0.10580
1997-06-26T17:31:52.218     -15.61     16.52    -49.06     54.07  31.33970  -1.20831   0.10582
1997-06-26T17:31:56.218     -16.67     15.23    -40.77     46.60  31.34117  -1.19549   0.10584
1997-06-26T17:32:00.218     -18.04     13.14    -35.17     41.66  31.34263  -1.18267   0.10586
1997-06-26T17:32:04.218     -20.36     12.00    -36.07     43.12  31.34410  -1.16985   0.10588
1997-06-26T17:32:08.218     -21.72     13.06    -42.57     49.54  31.34556  -1.15703   0.10590
1997-06-26T17:32:12.218     -20.10     16.13    -48.72     55.12  31.34702  -1.14421   0.10593
1997-06-26T17:32:16.218     -18.75     19.47    -54.69     61.00  31.34849  -1.13139   0.10595
1997-06-26T17:32:20.218     -18.79     22.68    -58.33     65.34  31.34995  -1.11856   0.10597
1997-06-26T17:32:24.218     -18.73     24.42    -56.88     64.68  31.35141  -1.10574   0.10599
1997-06-26T17:32:28.218     -18.00     22.92    -50.04     57.91  31.35288  -1.09292   0.10601
1997-06-26T17:32:32.218     -18.08     19.05    -39.22     47.20  31.35434  -1.08010   0.10603
1997-06-26T17:32:36.218     -19.93     17.30    -40.73     48.53  31.35580  -1.06728   0.10605
1997-06-26T17:32:40.218     -20.98     20.08    -50.52     58.27  31.35727  -1.05446   0.10607
1997-06-26T17:32:44.218     -21.66     23.10    -55.13     63.58  31.35873  -1.04164   0.10609
1997-06-26T17:32:48.218     -22.87     25.56    -56.22     65.86  31.36020  -1.02882   0.10611
1997-06-26T17:32:52.218     -22.39     26.02    -56.27     65.91  31.36166  -1.01600   0.10613
1997-06-26T17:32:56.218     -22.76     27.74    -59.18     69.21  31.36312  -1.00318   0.10615
1997-06-26T17:33:00.218     -21.52     30.59    -62.58     72.91  31.36458  -0.99036   0.10617
1997-06-26T17:33:04.218     -20.13     30.64    -65.40     74.97  31.36605  -0.97754   0.10620
1997-06-26T17:33:08.218     -21.51     31.29    -66.05     76.18  31.36751  -0.96472   0.10622
1997-06-26T17:33:12.218     -21.47     33.14    -66.20     77.08  31.36897  -0.95190   0.10624
1997-06-26T17:33:16.218     -20.38     32.91    -63.12     74.05  31.37044  -0.93908   0.10626
1997-06-26T17:33:20.218     -13.04     28.49    -52.04     60.75  31.37190  -0.92626   0.10628
1997-06-26T17:33:24.218     -10.49     23.28    -44.68     51.46  31.37336  -0.91344   0.10630
1997-06-26T17:33:28.218     -14.37     22.50    -45.93     53.12  31.37482  -0.90062   0.10632
1997-06-26T17:33:32.218     -18.10     24.77    -51.57     60.01  31.37629  -0.88780   0.10634
1997-06-26T17:33:36.218     -17.65     26.22    -53.85     62.44  31.37775  -0.87498   0.10636
1997-06-26T17:33:40.218     -16.98     27.90    -56.35     65.13  31.37921  -0.86216   0.10638
1997-06-26T17:33:44.218     -18.45     30.20    -62.27     71.63  31.38067  -0.84934   0.10640
1997-06-26T17:33:48.218     -20.36     31.51    -66.45     76.30  31.38214  -0.83652   0.10642
1997-06-26T17:33:52.218     -22.87     31.76    -67.31     77.86  31.38360  -0.82370   0.10644
1997-06-26T17:33:56.218     -23.52     33.07    -69.01     80.05  31.38506  -0.81088   0.10647
1997-06-26T17:34:00.218     -22.60     33.80    -69.77     80.76  31.38652  -0.79806   0.10649
1997-06-26T17:34:04.218     -20.70     33.48    -68.60     79.09  31.38798  -0.78524   0.10651
1997-06-26T17:34:08.218     -18.92     32.77    -66.67     76.66  31.38945  -0.77242   0.10653
1997-06-26T17:34:12.218     -21.57     31.13    -66.57     76.59  31.39091  -0.75960   0.10655
1997-06-26T17:34:16.218     -20.35     32.32    -68.92     78.79  31.39237  -0.74678   0.10657
1997-06-26T17:34:20.218     -19.78     32.67    -70.75     80.40  31.39383  -0.73396   0.10659
1997-06-26T17:34:24.218     -20.73     32.05    -71.94     81.44  31.39529  -0.72114   0.10661
1997-06-26T17:34:28.218     -20.12     31.89    -72.43     81.66  31.39676  -0.70832   0.10663
1997-06-26T17:34:32.218     -21.83     31.80    -71.92     81.61  31.39822  -0.69550   0.10665
1997-06-26T17:34:36.218     -23.66     32.70    -69.66     80.51  31.39968  -0.68268   0.10667
1997-06-26T17:34:40.218     -24.32     32.50    -67.36     78.64  31.40114  -0.66986   0.10669
1997-06-26T17:34:44.218     -24.95     31.29    -65.56     76.81  31.40260  -0.65704   0.10671
1997-06-26T17:34:48.218     -26.39     30.86    -63.35     75.25  31.40406  -0.64422   0.10674
1997-06-26T17:34:52.218     -26.89     29.60    -64.65     76.02  31.40553  -0.63140   0.10676
1997-06-26T17:34:56.218     -24.60     30.01    -66.91     77.35  31.40699  -0.61858   0.10678
1997-06-26T17:35:00.218     -21.09     33.34    -69.44     79.86  31.40845  -0.60576   0.10680
1997-06-26T17:35:04.218     -21.55     33.75    -71.42     81.88  31.40991  -0.59294   0.10682
1997-06-26T17:35:08.218     -20.94     31.90    -71.31     80.88  31.41137  -0.58012   0.10684
1997-06-26T17:35:12.218     -19.78     31.90    -70.49     79.86  31.41283  -0.56730   0.10686
1997-06-26T17:35:16.218     -19.27     30.67    -71.48     80.13  31.41429  -0.55448   0.10688
1997-06-26T17:35:20.218     -19.30     31.65    -71.40     80.45  31.41575  -0.54166   0.10690
1997-06-26T17:35:24.218     -18.40     32.58    -71.73     80.91  31.41721  -0.52884   0.10692
1997-06-26T17:35:28.218     -18.76     33.18    -71.21     80.77  31.41867  -0.51602   0.10694
1997-06-26T17:35:32.218     -19.13     33.23    -70.75     80.47  31.42014  -0.50320   0.10696
1997-06-26T17:35:36.218     -18.81     33.19    -69.69     79.45  31.42160  -0.49038   0.10698
1997-06-26T17:35:40.218     -18.90     31.49    -67.23     76.61  31.42306  -0.47756   0.10701
1997-06-26T17:35:44.218     -17.75     30.87    -64.19     73.40  31.42452  -0.46474   0.10703
1997-06-26T17:35:48.218     -18.02     30.84    -62.73     72.18  31.42598  -0.45192   0.10705
1997-06-26T17:35:52.218     -17.63     31.05    -63.88     73.18  31.42744  -0.43910   0.10707
1997-06-26T17:35:56.218     -16.06     29.27    -64.18     72.35  31.42890  -0.42628   0.10709
1997-06-26T17:36:00.218     -16.38     28.71    -60.15     68.63  31.43036  -0.41346   0.10711
1997-06-26T17:36:04.218     -18.91     26.16    -58.91     67.17  31.43182  -0.40064   0.10713
1997-06-26T17:36:08.218     -20.59     27.56    -59.93     69.10  31.43328  -0.38782   0.10715
1997-06-26T17:36:12.218     -22.27     29.08    -59.65     70.00  31.43474  -0.37500   0.10717
1997-06-26T17:36:16.218     -21.71     28.83    -60.42     70.38  31.43620  -0.36218   0.10719
1997-06-26T17:36:20.218     -18.38     29.65    -60.84     70.13  31.43766  -0.34936   0.10721
1997-06-26T17:36:24.218     -11.77     27.67    -56.52     64.02  31.43912  -0.33654   0.10723
1997-06-26T17:36:28.218      -7.21     23.89    -50.70     56.51  31.44058  -0.32372   0.10725
1997-06-26T17:36:32.218      -5.84     20.85    -49.81     54.31  31.44204  -0.31090   0.10727
1997-06-26T17:36:36.218      -8.72     21.59    -51.64     56.65  31.44350  -0.29808   0.10730
1997-06-26T17:36:40.218     -11.04     21.52    -48.96     54.61  31.44496  -0.28526   0.10732
1997-06-26T17:36:44.218     -11.64     18.61    -46.27     51.21  31.44642  -0.27244   0.10734
1997-06-26T17:36:48.218     -10.31     17.52    -47.43     51.61  31.44788  -0.25962   0.10736
1997-06-26T17:36:52.218     -10.50     19.99    -51.05     55.82  31.44934  -0.24680   0.10738
1997-06-26T17:36:56.218     -11.84     20.11    -48.86     54.14  31.45080  -0.23398   0.10740
1997-06-26T17:37:00.218     -12.65     16.99    -38.68     44.10  31.45226  -0.22116   0.10742
1997-06-26T17:37:04.218     -13.43     12.69    -32.48     37.37  31.45372  -0.20834   0.10744
1997-06-26T17:37:08.218     -11.37     11.95    -34.18     37.95  31.45518  -0.19552   0.10746
1997-06-26T17:37:12.218      -5.59     13.77    -36.48     39.39  31.45663  -0.18270   0.10748
1997-06-26T17:37:16.218      -3.41     15.67    -37.14     40.46  31.45809  -0.16988   0.10750
1997-06-26T17:37:20.218      -5.91     16.53    -40.67     44.29  31.45955  -0.15706   0.10752
1997-06-26T17:37:24.218     -10.37     17.87    -46.52     50.91  31.46101  -0.14424   0.10754
1997-06-26T17:37:28.218     -12.47     18.34    -49.55     54.29  31.46247  -0.13142   0.10757
1997-06-26T17:37:32.218     -11.69     19.42    -49.23     54.20  31.46393  -0.11860   0.10759
1997-06-26T17:37:36.218     -12.33     19.66    -48.92     54.15  31.46539  -0.10578   0.10761
1997-06-26T17:37:40.218     -14.42     20.23    -50.47     56.25  31.46685  -0.09296   0.10763
1997-06-26T17:37:44.218     -17.01     22.86    -53.54     60.65  31.46831  -0.08014   0.10765
1997-06-26T17:37:48.218     -16.06     23.22    -52.97     60.03  31.46976  -0.06732   0.10767
1997-06-26T17:37:52.218     -14.39     20.00    -48.24     54.17  31.47122  -0.05450   0.10769
1997-06-26T17:37:56.218     -13.94     14.90    -41.18     45.96  31.47268  -0.04168   0.10771
1997-06-26T17:38:00.218     -14.86     11.74    -36.23     40.88  31.47414  -0.02886   0.10773
1997-06-26T17:38:04.218     -16.61     12.92    -39.00     44.32  31.47560  -0.01604   0.10775
1997-06-26T17:38:08.218     -16.80     17.60    -48.19     53.98  31.47706  -0.00322   0.10777
1997-06-26T17:38:12.218     -21.03     21.59    -56.08     63.66  31.47852   0.00960   0.10779
1997-06-26T17:38:16.218     -24.85     25.50    -60.76     70.42  31.47997   0.02242   0.10781
1997-06-26T17:38:20.218     -27.49     28.37    -64.63     75.75  31.48143   0.03524   0.10784
1997-06-26T17:38:24.218     -27.30     29.42    -67.91     78.88  31.48289   0.04806   0.10786
1997-06-26T17:38:28.218     -23.87     30.48    -71.11     80.97  31.48435   0.06087   0.10788
1997-06-26T17:38:32.218     -20.52     31.81    -72.61     81.89  31.48581   0.07369   0.10790
1997-06-26T17:38:36.218     -19.69     32.01    -74.03     83.02  31.48726   0.08651   0.10792
1997-06-26T17:38:40.218     -19.34     33.59    -75.49     84.86  31.48872   0.09933   0.10794
1997-06-26T17:38:44.218     -17.96     33.59    -76.04     85.04  31.49018   0.11215   0.10796
1997-06-26T17:38:48.218     -15.73     34.03    -76.20     84.92  31.49164   0.12497   0.10798
1997-06-26T17:38:52.218     -16.69     34.88    -76.16     85.42  31.49310   0.13779   0.10800
1997-06-26T17:38:56.218     -17.55     35.11    -76.73     86.18  31.49455   0.15061   0.10802
1997-06-26T17:39:00.218     -16.00     34.29    -75.99     84.89  31.49601   0.16343   0.10804
1997-06-26T17:39:04.218     -14.40     35.02    -75.26     84.25  31.49747   0.17625   0.10806
1997-06-26T17:39:08.218     -14.61     35.90    -75.37     84.75  31.49893   0.18907   0.10808
1997-06-26T17:39:12.218     -15.34     36.95    -75.31     85.28  31.50039   0.20189   0.10810
1997-06-26T17:39:16.218     -16.06     37.34    -75.34     85.61  31.50184   0.21471   0.10813
1997-06-26T17:39:20.218     -15.57     37.12    -73.97     84.21  31.50330   0.22753   0.10815
1997-06-26T17:39:24.218     -15.31     37.69    -73.76     84.24  31.50476   0.24035   0.10817
1997-06-26T17:39:28.218     -16.21     37.25    -73.54     84.01  31.50621   0.25317   0.10819
1997-06-26T17:39:32.218     -17.47     36.93    -73.59     84.17  31.50767   0.26599   0.10821
1997-06-26T17:39:36.218     -17.92     36.00    -74.32     84.50  31.50913   0.27881   0.10823
1997-06-26T17:39:40.218     -16.90     34.74    -74.22     83.67  31.51059   0.29163   0.10825
1997-06-26T17:39:44.218     -16.61     34.37    -74.83     84.01  31.51204   0.30445   0.10827
1997-06-26T17:39:48.218     -17.94     34.93    -75.24     84.87  31.51350   0.31727   0.10829
1997-06-26T17:39:52.218     -19.40     35.54    -75.28     85.48  31.51496   0.33008   0.10831
1997-06-26T17:39:56.218     -19.69     36.21    -75.14     85.70  31.51641   0.34290   0.10833
1997-06-26T17:40:00.218     -18.34     35.58    -74.95     84.97  31.51787   0.35572   0.10835
1997-06-26T17:40:04.218     -17.67     34.84    -74.80     84.39  31.51933   0.36854   0.10837
1997-06-26T17:40:08.218     -17.66     34.98    -74.25     83.96  31.52078   0.38136   0.10840
1997-06-26T17:40:12.218     -18.79     36.10    -73.56     84.07  31.52224   0.39418   0.10842
1997-06-26T17:40:16.218     -19.14     35.80    -73.71     84.15  31.52370   0.40700   0.10844
1997-06-26T17:40:20.218     -19.24     35.99    -73.73     84.27  31.52515   0.41982   0.10846
1997-06-26T17:40:24.218     -19.26     35.91    -73.66     84.18  31.52661   0.43264   0.10848
1997-06-26T17:40:28.218     -19.57     36.10    -73.80     84.45  31.52806   0.44546   0.10850
1997-06-26T17:40:32.218     -19.93     36.41    -74.38     85.18  31.52952   0.45828   0.10852
1997-06-26T17:40:36.218     -18.90     36.24    -74.14     84.66  31.53098   0.47110   0.10854
1997-06-26T17:40:40.218     -18.06     35.66    -73.18     83.38  31.53243   0.48392   0.10856
1997-06-26T17:40:44.218     -18.20     35.24    -71.84     82.06  31.53389   0.49674   0.10858
1997-06-26T17:40:48.218     -18.10     36.10    -70.70     81.42  31.53535   0.50956   0.10860
1997-06-26T17:40:52.218     -18.12     35.63    -70.60     81.13  31.53680   0.52238   0.10862
1997-06-26T17:40:56.218     -16.56     35.22    -70.55     80.57  31.53826   0.53520   0.10864
1997-06-26T17:41:00.218     -15.62     35.47    -70.58     80.53  31.53971   0.54801   0.10866
1997-06-26T17:41:04.218     -16.22     36.06    -70.87     81.15  31.54117   0.56083   0.10869
1997-06-26T17:41:08.218     -17.27     35.95    -71.63     81.98  31.54263   0.57365   0.10871
1997-06-26T17:41:12.218     -18.16     35.19    -71.83     82.02  31.54408   0.58647   0.10873
1997-06-26T17:41:16.218     -18.86     35.36    -71.78     82.21  31.54554   0.59929   0.10875
1997-06-26T17:41:20.218     -19.14     35.75    -71.27     82.00  31.54699   0.61211   0.10877
1997-06-26T17:41:24.218     -19.81     35.64    -71.13     81.99  31.54845   0.62493   0.10879
1997-06-26T17:41:28.218     -20.55     35.21    -70.82     81.71  31.54990   0.63775   0.10881
1997-06-26T17:41:32.218     -20.41     35.04    -70.85     81.64  31.55136   0.65057   0.10883
1997-06-26T17:41:36.218     -20.56     34.73    -70.98     81.66  31.55281   0.66339   0.10885
1997-06-26T17:41:40.218     -20.75     35.22    -70.96     81.89  31.55427   0.67621   0.10887
1997-06-26T17:41:44.218     -22.36     35.57    -70.93     82.44  31.55573   0.68903   0.10889
1997-06-26T17:41:48.218     -24.76     35.74    -69.80     82.24  31.55718   0.70185   0.10891
1997-06-26T17:41:52.218     -27.28     33.63    -68.87     81.35  31.55863   0.71467   0.10893
1997-06-26T17:41:56.218     -29.42     31.05    -66.67     79.21  31.56009   0.72748   0.10896
1997-06-26T17:42:00.218     -30.85     28.47    -63.97     76.51  31.56154   0.74030   0.10898
1997-06-26T17:42:04.218     -27.75     28.48    -62.56     74.13  31.56300   0.75312   0.10900
1997-06-26T17:42:08.218     -23.17     27.47    -60.57     70.43  31.56446   0.76594   0.10902
1997-06-26T17:42:12.218     -17.88     25.37    -55.78     63.83  31.56591   0.77876   0.10904
1997-06-26T17:42:16.218     -13.42     24.86    -49.54     57.03  31.56736   0.79158   0.10906
1997-06-26T17:42:20.218     -15.67     27.19    -50.76     59.68  31.56882   0.80440   0.10908
1997-06-26T17:42:24.218     -18.40     29.73    -54.68     64.90  31.57027   0.81722   0.10910
1997-06-26T17:42:28.218     -19.16     28.62    -52.66     62.92  31.57173   0.83004   0.10912
1997-06-26T17:42:32.218     -18.23     26.97    -52.48     61.76  31.57318   0.84286   0.10914
1997-06-26T17:42:36.218     -20.05     27.83    -58.03     67.41  31.57464   0.85568   0.10916
1997-06-26T17:42:40.218     -22.46     30.38    -64.11     74.41  31.57609   0.86850   0.10918
1997-06-26T17:42:44.218     -22.53     31.97    -68.95     79.27  31.57755   0.88132   0.10920
1997-06-26T17:42:48.218     -21.07     33.54    -71.83     82.03  31.57900   0.89413   0.10922
1997-06-26T17:42:52.218     -18.21     34.29    -73.07     82.74  31.58045   0.90695   0.10925
1997-06-26T17:42:56.218     -17.07     34.94    -73.01     82.72  31.58191   0.91977   0.10927
1997-06-26T17:43:00.218     -16.89     35.68    -73.01     83.00  31.58336   0.93259   0.10929
1997-06-26T17:43:04.218     -15.76     36.38    -73.51     83.51  31.58482   0.94541   0.10931
1997-06-26T17:43:08.218     -15.10     37.29    -73.50     83.79  31.58627   0.95823   0.10933
1997-06-26T17:43:12.218     -15.60     37.98    -73.46     84.16  31.58772   0.97105   0.10935
1997-06-26T17:43:16.218     -16.62     39.21    -73.15     84.64  31.58918   0.98387   0.10937
1997-06-26T17:43:20.218     -17.28     39.16    -73.85     85.36  31.59063   0.99669   0.10939
1997-06-26T17:43:24.218     -17.29     38.36    -73.82     84.97  31.59208   1.00951   0.10941
1997-06-26T17:43:28.218     -17.76     38.40    -73.82     85.08  31.59354   1.02233   0.10943
1997-06-26T17:43:32.218     -19.64     38.40    -73.72     85.41  31.59499   1.03515   0.10945
1997-06-26T17:43:36.218     -20.11     38.24    -74.20     85.86  31.59645   1.04796   0.10947
1997-06-26T17:43:40.218     -20.17     38.94    -74.30     86.28  31.59790   1.06078   0.10949
1997-06-26T17:43:44.218     -19.95     39.02    -74.26     86.23  31.59935   1.07360   0.10951
1997-06-26T17:43:48.218     -19.40     39.66    -74.34     86.46  31.60081   1.08642   0.10954
1997-06-26T17:43:52.218     -19.34     39.69    -74.86     86.90  31.60226   1.09924   0.10956
1997-06-26T17:43:56.218     -19.82     39.92    -75.06     87.30  31.60371   1.11206   0.10958
1997-06-26T17:44:00.218     -20.27     39.92    -75.24     87.56  31.60517   1.12488   0.10960
1997-06-26T17:44:04.218     -19.50     39.65    -75.62     87.58  31.60662   1.13770   0.10962
1997-06-26T17:44:08.218     -18.08     39.14    -75.66     87.08  31.60807   1.15052   0.10964
1997-06-26T17:44:12.218     -18.32     39.11    -75.42     86.91  31.60952   1.16334   0.10966
1997-06-26T17:44:16.218     -19.15     39.46    -75.29     87.14  31.61098   1.17616   0.10968
1997-06-26T17:44:20.218     -20.06     39.75    -74.68     86.95  31.61243   1.18897   0.10970
1997-06-26T17:44:24.218     -19.43     39.82    -74.21     86.43  31.61388   1.20179   0.10972
1997-06-26T17:44:28.218     -19.14     39.72    -73.75     85.92  31.61534   1.21461   0.10974
1997-06-26T17:44:32.218     -19.31     40.45    -73.43     86.03  31.61679   1.22743   0.10976
1997-06-26T17:44:36.218     -19.91     40.47    -73.92     86.59  31.61824   1.24025   0.10978
1997-06-26T17:44:40.218     -20.69     39.88    -74.04     86.61  31.61969   1.25307   0.10981
1997-06-26T17:44:44.218     -20.24     39.48    -74.03     86.31  31.62115   1.26589   0.10983
1997-06-26T17:44:48.218     -19.79     39.60    -73.84     86.10  31.62260   1.27871   0.10985
1997-06-26T17:44:52.218     -20.02     40.04    -73.95     86.44  31.62405   1.29153   0.10987
1997-06-26T17:44:56.218     -20.66     40.45    -74.43     87.20  31.62550   1.30435   0.10989
1997-06-26T17:45:00.218     -20.58     40.47    -74.83     87.52  31.62696   1.31716   0.10991
1997-06-26T17:45:04.218     -19.58     40.02    -74.98     87.22  31.62841   1.32998   0.10993
1997-06-26T17:45:08.218     -18.25     40.83    -74.88     87.22  31.62986   1.34280   0.10995
1997-06-26T17:45:12.218     -19.14     40.79    -75.18     87.65  31.63131   1.35562   0.10997
1997-06-26T17:45:16.218     -20.07     40.55    -75.15     87.71  31.63276   1.36844   0.10999
1997-06-26T17:45:20.218     -19.32     40.97    -74.74     87.39  31.63421   1.38126   0.11001
1997-06-26T17:45:24.218     -19.04     39.83    -74.28     86.41  31.63567   1.39408   0.11003
1997-06-26T17:45:28.218     -19.57     39.22    -74.30     86.26  31.63712   1.40690   0.11005
1997-06-26T17:45:32.218     -19.67     39.76    -75.01     87.15  31.63857   1.41972   0.11007
1997-06-26T17:45:36.218     -20.23     39.99    -75.21     87.55  31.64002   1.43254   0.11010
1997-06-26T17:45:40.218     -19.81     39.75    -75.01     87.17  31.64147   1.44535   0.11012
1997-06-26T17:45:44.218     -20.04     39.55    -74.58     86.76  31.64293   1.45817   0.11014
1997-06-26T17:45:48.218     -20.33     39.66    -74.66     86.95  31.64438   1.47099   0.11016
1997-06-26T17:45:52.218     -21.40     39.70    -74.98     87.50  31.64583   1.48381   0.11018
1997-06-26T17:45:56.218     -21.92     39.54    -75.14     87.70  31.64728   1.49663   0.11020
1997-06-26T17:46:00.218     -21.38     39.13    -74.99     87.24  31.64873   1.50945   0.11022
1997-06-26T17:46:04.218     -20.41     38.95    -74.74     86.72  31.65018   1.52227   0.11024
1997-06-26T17:46:08.218     -20.77     39.05    -74.67     86.78  31.65163   1.53509   0.11026
1997-06-26T17:46:12.218     -21.60     39.53    -74.97     87.46  31.65308   1.54791   0.11028
1997-06-26T17:46:16.218     -21.98     39.42    -75.01     87.54  31.65454   1.56073   0.11030
1997-06-26T17:46:20.218     -21.64     38.77    -74.66     86.87  31.65599   1.57354   0.11032
1997-06-26T17:46:24.218     -21.16     38.83    -74.19     86.37  31.65744   1.58636   0.11034
1997-06-26T17:46:28.218     -21.59     38.83    -74.01     86.32  31.65889   1.59918   0.11036
1997-06-26T17:46:32.218     -22.13     39.31    -73.95     86.62  31.66034   1.61200   0.11039
1997-06-26T17:46:36.218     -21.55     40.02    -73.96     86.81  31.66179   1.62482   0.11041
1997-06-26T17:46:40.218     -20.69     39.81    -73.94     86.49  31.66324   1.63764   0.11043
1997-06-26T17:46:44.218     -20.39     40.06    -73.85     86.45  31.66469   1.65046   0.11045
1997-06-26T17:46:48.218     -20.78     41.11    -73.63     86.84  31.66614   1.66328   0.11047
1997-06-26T17:46:52.218     -21.42     41.81    -73.48     87.21  31.66759   1.67610   0.11049
1997-06-26T17:46:56.218     -20.92     41.99    -73.36     87.08  31.66904   1.68891   0.11051
1997-06-26T17:47:00.218     -20.02     41.68    -73.09     86.49  31.67049   1.70173   0.11053
1997-06-26T17:47:04.218     -20.30     41.59    -73.15     86.56  31.67194   1.71455   0.11055
1997-06-26T17:47:08.218     -20.87     42.37    -73.39     87.27  31.67339   1.72737   0.11057
1997-06-26T17:47:12.218     -21.77     42.81    -73.84     88.09  31.67484   1.74019   0.11059
1997-06-26T17:47:16.218     -21.47     42.58    -73.99     88.03  31.67629   1.75301   0.11061
1997-06-26T17:47:20.218     -20.55     42.50    -73.40     87.27  31.67774   1.76583   0.11063
1997-06-26T17:47:24.218     -20.86     41.88    -73.25     86.92  31.67920   1.77865   0.11065
1997-06-26T17:47:28.218     -21.21     41.95    -72.97     86.80  31.68064   1.79147   0.11068
1997-06-26T17:47:32.218     -21.50     42.04    -72.41     86.45  31.68209   1.80428   0.11070
1997-06-26T17:47:36.218     -20.59     41.64    -72.04     85.71  31.68354   1.81710   0.11072
1997-06-26T17:47:40.218     -19.69     41.58    -72.29     85.69  31.68499   1.82992   0.11074
1997-06-26T17:47:44.218     -19.91     42.23    -73.26     86.87  31.68644   1.84274   0.11076
1997-06-26T17:47:48.218     -21.18     42.57    -74.00     87.96  31.68789   1.85556   0.11078
1997-06-26T17:47:52.218     -21.28     42.52    -74.21     88.13  31.68934   1.86838   0.11080
1997-06-26T17:47:56.218     -20.50     42.49    -74.23     87.95  31.69079   1.88120   0.11082
1997-06-26T17:48:00.218     -19.81     43.09    -74.29     88.13  31.69224   1.89402   0.11084
1997-06-26T17:48:04.218     -20.64     43.45    -74.11     88.35  31.69369   1.90684   0.11086
1997-06-26T17:48:08.218     -20.98     43.65    -73.96     88.41  31.69514   1.91965   0.11088
1997-06-26T17:48:12.218     -20.67     43.54    -74.02     88.33  31.69659   1.93247   0.11090
1997-06-26T17:48:16.218     -19.68     42.55    -74.09     87.68  31.69804   1.94529   0.11092
1997-06-26T17:48:20.218     -19.50     41.97    -74.12     87.38  31.69949   1.95811   0.11094
1997-06-26T17:48:24.218     -19.90     42.21    -74.00     87.49  31.70094   1.97093   0.11097
1997-06-26T17:48:28.218     -20.06     42.19    -73.53     87.11  31.70239   1.98375   0.11099
1997-06-26T17:48:32.218     -19.49     41.39    -73.52     86.59  31.70384   1.99657   0.11101
1997-06-26T17:48:36.218     -18.63     41.39    -73.44     86.33  31.70528   2.00939   0.11103
1997-06-26T17:48:40.218     -18.35     41.82    -73.57     86.59  31.70673   2.02220   0.11105
1997-06-26T17:48:44.218     -19.16     42.60    -73.93     87.45  31.70818   2.03502   0.11107
1997-06-26T17:48:48.218     -19.24     43.55    -74.01     88.00  31.70963   2.04784   0.11109
1997-06-26T17:48:52.218     -18.38     43.61    -74.14     87.95  31.71108   2.06066   0.11111
1997-06-26T17:48:56.218     -17.74     43.53    -74.02     87.68  31.71253   2.07348   0.11113
1997-06-26T17:49:00.218     -18.03     43.87    -73.69     87.63  31.71398   2.08630   0.11115
1997-06-26T17:49:04.218     -18.75     43.89    -73.70     87.80  31.71543   2.09912   0.11117
1997-06-26T17:49:08.218     -19.18     43.49    -73.92     87.89  31.71688   2.11194   0.11119
1997-06-26T17:49:12.218     -18.36     43.08    -73.57     87.21  31.71832   2.12475   0.11121
1997-06-26T17:49:16.218     -18.03     42.77    -73.25     86.71  31.71977   2.13757   0.11123
1997-06-26T17:49:20.218     -18.55     42.73    -72.99     86.59  31.72122   2.15039   0.11126
1997-06-26T17:49:24.218     -19.70     42.85    -73.00     86.91  31.72267   2.16321   0.11128
1997-06-26T17:49:28.218     -20.37     43.20    -72.87     87.13  31.72412   2.17603   0.11130
1997-06-26T17:49:32.218     -20.20     42.96    -72.65     86.79  31.72556   2.18885   0.11132
1997-06-26T17:49:36.218     -20.58     42.67    -72.40     86.52  31.72701   2.20167   0.11134
1997-06-26T17:49:40.218     -21.44     43.12    -71.95     86.58  31.72846   2.21449   0.11136
1997-06-26T17:49:44.218     -21.99     43.37    -71.84     86.75  31.72991   2.22731   0.11138
1997-06-26T17:49:48.218     -21.85     42.97    -71.80     86.48  31.73136   2.24012   0.11140
1997-06-26T17:49:52.218     -20.97     42.61    -71.67     85.97  31.73280   2.25294   0.11142
1997-06-26T17:49:56.218     -21.15     42.32    -71.55     85.78  31.73425   2.26576   0.11144
